<?xml version="1.0" encoding="UTF-8" standalone="no" ?>
<SimscapeMultibodyImportXML version="2.0" xmlns="urn:mathworks:SimscapeMultibody:import" xmlns:xsi="http://www.w3.org/2001/XMLSchema-instance">
<Created by="" on="03/31/26||01:38:43" using="Simscape Multibody Link Version 7.4" from="SolidWorks 33.5.0"/>
<ModelUnits mass="kilogram" length="inch"/>
<DataUnits mass="kilogram" length="meter"/>
<RootAssembly name="Robot Arm Version 4 Assem" uid="Robot Arm Version 4 Assem" version="1652">
<AssemblyFile name="Robot Arm Version 4 Assem.SLDASM" type="SolidWorks Assembly"/>
<InstanceTree>
<Instance name="Arm Hitch Track Rod Prototype-2" uid="Arm Hitch Track Rod Prototype-2" entityUid="Arm Hitch Track Rod Prototype*:*Default">
<Transform>
<Rotation>1 0 0 0 1 0 0 0 1</Rotation>
<Translation>0 0 0.063500000000000001</Translation>
</Transform>
</Instance>
<Instance name="Arm Hitch Track Rod Prototype-1" uid="Arm Hitch Track Rod Prototype-1" entityUid="Arm Hitch Track Rod Prototype*:*Default">
<Transform>
<Rotation>1 0 0 0 1 0 0 0 1</Rotation>
<Translation>0 0 0</Translation>
</Transform>
</Instance>
<Instance name="Arm Hitch Version 4-2" uid="Arm Hitch Version 4-2" entityUid="Arm Hitch Version 4*:*Default">
<Transform>
<Rotation>1 0 0 0 1 0 0 0 1</Rotation>
<Translation>0 0 0.03175</Translation>
</Transform>
</Instance>
<Instance name="98957A184_Grade B7 Medium-Strength Steel Threaded Rod-1" uid="98957A184_Grade B7 Medium-Strength Steel Threaded Rod-1" entityUid="98957A184_Grade B7 Medium-Strength Steel Threaded Rod*:*98957A184">
<Transform>
<Rotation>-0.85508403690312218 -0.51848943078278886 0 1.1535340219631653e-16 -1.7442651635734242e-16 -1 0.51848943078278897 -0.85508403690312207 2.0895884959341106e-16</Rotation>
<Translation>-0.025400000000000318 0.049671999999999869 0.03174999999999896</Translation>
</Transform>
</Instance>
<Instance name="Robot Arm 2 Version 4-1" uid="Robot Arm 2 Version 4-1" entityUid="Robot Arm 2 Version 4*:*Default">
<Transform>
<Rotation>0.51405140134609262 0 0.85775938162990606 -5.3589262447656913e-16 1 2.968263615828706e-16 -0.85775938162990606 -6.1225093331918607e-16 0.51405140134609262</Rotation>
<Translation>-0.20394310019617429 -0.00063500000000016809 0.59907291782463612</Translation>
</Transform>
</Instance>
<Instance name="Arm Linkage 2-3" uid="Arm Linkage 2-3" entityUid="Arm Linkage 2*:*Default">
<Transform>
<Rotation>-1.1445412749868576e-15 0.90234200987556845 -0.43102076192884214 -1 -1.0418716321624206e-15 4.7426191600215182e-16 0 0.43102076192884214 0.90234200987556845</Rotation>
<Translation>-0.016304414400859252 -0.018732500000000207 0.30117653891363244</Translation>
</Transform>
</Instance>
<Instance name="18 Tooth Timing Belt Pulley (1326N51)-1" uid="18 Tooth Timing Belt Pulley (1326N51)-1" entityUid="18 Tooth Timing Belt Pulley (1326N51)*:*1326N51">
<Transform>
<Rotation>-8.7795300156030253e-16 0.71952426550031712 -0.69446730042258265 -1 0 1.2395571298981822e-15 8.7536655705243709e-16 0.69446730042258265 0.71952426550031712</Rotation>
<Translation>0.097243141400039285 -0.046400000000000399 0.54957183140766575</Translation>
</Transform>
</Instance>
<Instance name="Arm Base Mount Clamp + Motor Mount Assem-4" uid="Arm Base Mount Clamp + Motor Mount Assem-4" entityUid="Arm Base Mount Clamp + Motor Mount Assem" rigid="true">
<Transform>
<Rotation>-1 0 0 0 -1 0 0 0 1</Rotation>
<Translation>-0.025399999999999565 -0.37464999999999998 0.0063500000000006026</Translation>
</Transform>
<Instance name="5720K23_Clamping Handle with Threaded Stud-1" uid="5720K23_Clamping Handle with Threaded Stud-1" entityUid="5720K23_Clamping Handle with Threaded Stud*:*5720K23">
<Transform>
<Rotation>2.9837243786801082e-16 0 1 0 1 0 -1 0 2.9837243786801082e-16</Rotation>
<Translation>0.054768750000000019 0.0047625000000000028 -0.030162499999999974</Translation>
</Transform>
</Instance>
<Instance name="Arm Base Mount Version 2 Motor Mount-4" uid="Arm Base Mount Version 2 Motor Mount-4" entityUid="Arm Base Mount Version 2 Motor Mount*:*Default">
<Transform>
<Rotation>1 0 0 0 1 0 0 0 1</Rotation>
<Translation>0 0 0</Translation>
</Transform>
</Instance>
<Instance name="Arm Base Mount Jaw-1" uid="Arm Base Mount Jaw-1" entityUid="Arm Base Mount Jaw*:*Default">
<Transform>
<Rotation>0 -1 -3.0144529585260837e-16 1 0 3.0144529585260837e-16 -3.0144529585260837e-16 -3.0144529585260837e-16 1</Rotation>
<Translation>0 -0.014287500000000009 -0.038099999999999974</Translation>
</Transform>
</Instance>
<Instance name="5720K23_Clamping Handle with Threaded Stud-2" uid="5720K23_Clamping Handle with Threaded Stud-2" entityUid="5720K23_Clamping Handle with Threaded Stud*:*5720K23">
<Transform>
<Rotation>3.0451815383720591e-16 0 1 0 1 0 -1 0 3.0451815383720591e-16</Rotation>
<Translation>-0.054768750003658384 0.0047625000000000028 -0.030162500000000012</Translation>
</Transform>
</Instance>
</Instance>
<Instance name="Robot Arm 1 Curved Version 4-3" uid="Robot Arm 1 Curved Version 4-3" entityUid="Robot Arm 1 Curved Version 4*:*Default">
<Transform>
<Rotation>0.99585944342156663 1.1502136702559739e-15 -0.090906374628448694 -1.1478380777190169e-15 1 0 0.090906374628448694 0 0.99585944342156663</Rotation>
<Translation>-0.026034241071188593 0 0.41222812849198576</Translation>
</Transform>
</Instance>
<Instance name="Arm Hitch Track Rod Prototype-4" uid="Arm Hitch Track Rod Prototype-4" entityUid="Arm Hitch Track Rod Prototype*:*Default">
<Transform>
<Rotation>1 0 0 0 1 0 0 0 1</Rotation>
<Translation>-0.050799999999999998 0 0</Translation>
</Transform>
</Instance>
<Instance name="Chuck Mount Assem-1" uid="Chuck Mount Assem-1" entityUid="Chuck Mount Assem">
<Transform>
<Rotation>-6.1440786870279639e-16 0.99788716562606405 0.064970798662015661 -1 -7.063024256358793e-16 1.3914290535365934e-15 1.4343782270938699e-15 -0.064970798662015661 0.99788716562606405</Rotation>
<Translation>-0.35645271824997155 -0.00063500000000018284 0.50767457866530075</Translation>
</Transform>
<Instance name="drill chuck assembly mass included-1" uid="drill chuck assembly mass included-1" entityUid="drill chuck assembly mass included" rigid="true">
<Transform>
<Rotation>0 1.733157559142383e-15 -0.99999999999999989 -0.99952290329043669 0.030886336750352114 0 0.030886336750352114 0.99952290329043669 1.7342588052598623e-15</Rotation>
<Translation>0.068434203690191417 0.012173929984491572 -0.16113526824631069</Translation>
</Transform>
<Instance name="driil chuck jaws 2-1" uid="driil chuck jaws 2-1" entityUid="driil chuck jaws 2*:*Default">
<Transform>
<Rotation>1 0 0 0 1 0 0 0 1</Rotation>
<Translation>0.015460686004843849 0.010222176530156502 0.068434203690138529</Translation>
</Transform>
</Instance>
<Instance name="drill chuck part 2-1" uid="drill chuck part 2-1" grounded="true" entityUid="drill chuck part 2*:*Default">
<Transform>
<Rotation>1 0 0 0 1 0 0 0 1</Rotation>
<Translation>0.017237360746211461 0.024033157182788478 0.068434203690138529</Translation>
</Transform>
</Instance>
<Instance name="drill chuck part1-1" uid="drill chuck part1-1" entityUid="drill chuck part1*:*Default">
<Transform>
<Rotation>-0.28251823343197424 -1.2628786905111156e-15 -0.95926192866102877 7.3899220076611982e-16 -0.99999999999999978 1.124100812432971e-15 -0.95926192866102866 -3.9461354638436699e-16 0.28251823343197419</Rotation>
<Translation>0.017237360746211017 0.091333157182788505 0.06843420369013864</Translation>
</Transform>
</Instance>
<Instance name="drill chuck gear-1" uid="drill chuck gear-1" entityUid="drill chuck gear*:*Default">
<Transform>
<Rotation>-0.95926192866102833 1.2316173564687529e-15 -0.28251823343197568 1.0963452368173423e-15 1 6.3689733556380169e-16 0.28251823343197568 3.0121384693480603e-16 -0.95926192866102833</Rotation>
<Translation>0.017237360746210961 0.052033157182788559 0.068434203690138626</Translation>
</Transform>
</Instance>
<Instance name="driil chuck jaws 2-2" uid="driil chuck jaws 2-2" entityUid="driil chuck jaws 2*:*Default">
<Transform>
<Rotation>-0.50000000000000411 0 0.86602540378443627 0 0.99999999999999978 0 -0.86602540378443627 0 -0.500000000000004</Rotation>
<Translation>0.018125698116895295 0.010222176530156557 0.069972849150425259</Translation>
</Transform>
</Instance>
<Instance name="driil chuck jaws 2-3" uid="driil chuck jaws 2-3" entityUid="driil chuck jaws 2*:*Default">
<Transform>
<Rotation>-0.49999999999999201 0 -0.86602540378444326 0 1 0 0.86602540378444326 0 -0.49999999999999201</Rotation>
<Translation>0.018125698116930877 0.010222176530156502 0.066895558229872587</Translation>
</Transform>
</Instance>
</Instance>
<Instance name="Robot Chuck Hitch-1" uid="Robot Chuck Hitch-1" entityUid="Robot Chuck Hitch*:*Default">
<Transform>
<Rotation>1 0 1.7331575591455376e-15 0 0.99952290329043669 0.030886336750352072 -1.7338301712354358e-15 -0.030886336750352072 0.99952290329043669</Rotation>
<Translation>5.2893778766660571e-14 -0.0016998828484626749 -0.055010468015358194</Translation>
</Transform>
</Instance>
</Instance>
<Instance name="Work Area-1" visible="false" uid="Work Area-1" entityUid="Work Area*:*Default">
<Transform>
<Rotation>1 0 0 0 1 0 0 0 1</Rotation>
<Translation>-0.50800000000000001 0 0.254</Translation>
</Transform>
</Instance>
<Instance name="Arm Hitch Track Rod Prototype-3" uid="Arm Hitch Track Rod Prototype-3" entityUid="Arm Hitch Track Rod Prototype*:*Default">
<Transform>
<Rotation>1 0 0 0 1 0 0 0 1</Rotation>
<Translation>-0.050800000000000012 0 0.063499999999999987</Translation>
</Transform>
</Instance>
<Instance name="Arm Base Mount Clamp Assem-5" uid="Arm Base Mount Clamp Assem-5" entityUid="Arm Base Mount Clamp Assem" rigid="true">
<Transform>
<Rotation>1 0 0 0 1 0 0 0 1</Rotation>
<Translation>-0.025400000000000325 0.38099999999999995 0.0063499999999988843</Translation>
</Transform>
<Instance name="5720K23_Clamping Handle with Threaded Stud-2" uid="5720K23_Clamping Handle with Threaded Stud-2" entityUid="5720K23_Clamping Handle with Threaded Stud*:*5720K23">
<Transform>
<Rotation>3.0451815383720591e-16 0 1 0 1 0 -1 0 3.0451815383720591e-16</Rotation>
<Translation>-0.054768750003658384 0.0047625000000000028 -0.030162500000000009</Translation>
</Transform>
</Instance>
<Instance name="Arm Base Mount Version 2-3" uid="Arm Base Mount Version 2-3" entityUid="Arm Base Mount Version 2*:*Default">
<Transform>
<Rotation>1 0 0 0 1 0 0 0 1</Rotation>
<Translation>0 0 0</Translation>
</Transform>
</Instance>
<Instance name="5720K23_Clamping Handle with Threaded Stud-1" uid="5720K23_Clamping Handle with Threaded Stud-1" entityUid="5720K23_Clamping Handle with Threaded Stud*:*5720K23">
<Transform>
<Rotation>2.9837243786801082e-16 0 1 0 1 0 -1 0 2.9837243786801082e-16</Rotation>
<Translation>0.054768750000000012 0.0047625000000000028 -0.030162499999999974</Translation>
</Transform>
</Instance>
<Instance name="Arm Base Mount Jaw-1" uid="Arm Base Mount Jaw-1" entityUid="Arm Base Mount Jaw*:*Default">
<Transform>
<Rotation>0 -1 -3.0144529585260837e-16 1 0 3.0144529585260837e-16 -3.0144529585260837e-16 -3.0144529585260837e-16 1</Rotation>
<Translation>0 -0.014287500000000009 -0.038099999999999981</Translation>
</Transform>
</Instance>
</Instance>
<Instance name="Arm Linkage 1-3" uid="Arm Linkage 1-3" entityUid="Arm Linkage 1*:*Default">
<Transform>
<Rotation>1.1449079496341897e-15 -0.070325704696739613 -0.99752408254583358 1 0 1.1414004925171243e-15 0 -0.99752408254583358 0.070325704696739613</Rotation>
<Translation>-0.11334118130210843 0 0.18137349441166961</Translation>
</Transform>
</Instance>
<Instance name="Arm Linkage 2-2" uid="Arm Linkage 2-2" entityUid="Arm Linkage 2*:*Default">
<Transform>
<Rotation>1.1445100370391799e-15 -0.90234200987556834 -0.4310207619288422 1 1.0438548971124335e-15 4.7003747627762571e-16 0 -0.4310207619288422 0.90234200987556834</Rotation>
<Translation>-0.016304414400859141 0.018732499999999791 0.30117653891363244</Translation>
</Transform>
</Instance>
<Instance name="48 Tooth Timing Belt Pulley (1326N63)-1" uid="48 Tooth Timing Belt Pulley (1326N63)-1" entityUid="48 Tooth Timing Belt Pulley (1326N63)*:*1326N63">
<Transform>
<Rotation>0 -0.51405140134609228 -0.85775938162990606 -1 0 0 0 0.85775938162990606 -0.51405140134609228</Rotation>
<Translation>-0.051433482142377085 -0.046400000000000802 0.69047125698397116</Translation>
</Transform>
</Instance>
<Instance name="SS joint shaft-2" uid="SS joint shaft-2" entityUid="SS joint shaft*:*Default">
<Transform>
<Rotation>0.99999999999818157 -5.8645113932615697e-16 -1.9070505003481059e-06 5.8403236931078861e-16 1 0 1.9070505002845636e-06 0 0.99999999999818168</Rotation>
<Translation>-0.00063500000000040651 0 0.13398499999999841</Translation>
</Transform>
</Instance>
<Instance name="1258N17_ 1&amp;1_8_ OD PEEK Plastic Ball Bearing-1" uid="1258N17_ 1&amp;1_8_ OD PEEK Plastic Ball Bearing-1" entityUid="1258N17_ 1&amp;1_8_ OD PEEK Plastic Ball Bearing*:*1258N17">
<Transform>
<Rotation>1 -5.5805567181348347e-16 -5.5805567181348347e-16 -5.5805567181348347e-16 0 -1 5.5805567181348347e-16 1 0</Rotation>
<Translation>-0.10798236260421692 -0.021590000000000099 0.25738482950166208</Translation>
</Transform>
</Instance>
<Instance name="6436K71_Clamping Two-Piece Shaft Collar-4" uid="6436K71_Clamping Two-Piece Shaft Collar-4" entityUid="6436K71_Clamping Two-Piece Shaft Collar*:*6436K71">
<Transform>
<Rotation>-5.5805567181348347e-16 1 0 -1 -5.5805567181348347e-16 0 0 0 1</Rotation>
<Translation>-0.10798236260421686 -0.0299243750000001 0.25738482950166208</Translation>
</Transform>
</Instance>
<Instance name="1258N17_ 1&amp;1_8_ OD PEEK Plastic Ball Bearing-5" uid="1258N17_ 1&amp;1_8_ OD PEEK Plastic Ball Bearing-5" entityUid="1258N17_ 1&amp;1_8_ OD PEEK Plastic Ball Bearing*:*1258N17">
<Transform>
<Rotation>0.94987928790123766 0.31261691959367421 -5.5805567181348278e-16 -5.2230055448309931e-16 -1.9811209556780403e-16 -0.99999999999999978 -0.31261691959367421 0.94987928790123766 0</Rotation>
<Translation>0.075373533802498519 -0.021590000000000314 0.3449682483256028</Translation>
</Transform>
</Instance>
<Instance name="SS joint shaft-3" uid="SS joint shaft-3" entityUid="SS joint shaft*:*Default">
<Transform>
<Rotation>1 0 0 0 1 0 0 0 1</Rotation>
<Translation>-0.10798236260421686 0 0.25738482950166208</Translation>
</Transform>
</Instance>
<Instance name="1258N17_ 1&amp;1_8_ OD PEEK Plastic Ball Bearing-4" uid="1258N17_ 1&amp;1_8_ OD PEEK Plastic Ball Bearing-4" entityUid="1258N17_ 1&amp;1_8_ OD PEEK Plastic Ball Bearing*:*1258N17">
<Transform>
<Rotation>1 -5.5805567181336436e-16 -5.5805567181336436e-16 -5.5805567181336436e-16 0 -1 5.5805567181336436e-16 1 0</Rotation>
<Translation>-0.00063499999999996285 0.022225000000000165 0.13398500000000002</Translation>
</Transform>
</Instance>
<Instance name="SS joint shaft-1" uid="SS joint shaft-1" entityUid="SS joint shaft*:*Default">
<Transform>
<Rotation>0.99999999999859679 -1.2073595867867771e-15 1.6753189757169861e-06 1.2121931041556815e-15 1 -4.5240833258328576e-16 -1.675318975728681e-06 4.5386558866795622e-16 0.99999999999859668</Rotation>
<Translation>0.07537353380249863 0 0.3449682483256028</Translation>
</Transform>
</Instance>
<Instance name="6436K71_Clamping Two-Piece Shaft Collar-1" uid="6436K71_Clamping Two-Piece Shaft Collar-1" entityUid="6436K71_Clamping Two-Piece Shaft Collar*:*6436K71">
<Transform>
<Rotation>1.7639210427695663e-16 -1 1.5402147586125015e-16 1 1.7639210427695665e-16 1.5402147586125015e-16 -1.5402147586125018e-16 1.5402147586125015e-16 1</Rotation>
<Translation>-0.10798236260421686 0.029924374999999902 0.25738482950166208</Translation>
</Transform>
</Instance>
<Instance name="1258N17_ 1&amp;1_8_ OD PEEK Plastic Ball Bearing-2" uid="1258N17_ 1&amp;1_8_ OD PEEK Plastic Ball Bearing-2" entityUid="1258N17_ 1&amp;1_8_ OD PEEK Plastic Ball Bearing*:*1258N17">
<Transform>
<Rotation>0.99574339660521016 -0.092168802298390154 -5.5805567181336445e-16 -5.5797549165521524e-16 0 -1 0.092168802298390154 0.99574339660521016 0</Rotation>
<Translation>-0.00063499999999861974 -0.022225000000000043 0.13398500000000621</Translation>
</Transform>
</Instance>
<Instance name="1258N17_ 1&amp;1_8_ OD PEEK Plastic Ball Bearing-3" uid="1258N17_ 1&amp;1_8_ OD PEEK Plastic Ball Bearing-3" entityUid="1258N17_ 1&amp;1_8_ OD PEEK Plastic Ball Bearing*:*1258N17">
<Transform>
<Rotation>1 -1.7639210427695665e-16 1.7639210427695663e-16 -1.7639210427695668e-16 -1.5402147586125015e-16 1 -1.763921042769566e-16 -1 -1.5402147586125018e-16</Rotation>
<Translation>-0.10798236260421686 0.021589999999999897 0.25738482950166208</Translation>
</Transform>
</Instance>
<Instance name="1258N17_ 1&amp;1_8_ OD PEEK Plastic Ball Bearing-6" uid="1258N17_ 1&amp;1_8_ OD PEEK Plastic Ball Bearing-6" entityUid="1258N17_ 1&amp;1_8_ OD PEEK Plastic Ball Bearing*:*1258N17">
<Transform>
<Rotation>1 -1.7639210427695665e-16 1.7639210427695663e-16 -1.7639210427695668e-16 -1.5402147586125015e-16 1 -1.763921042769566e-16 -1 -1.5402147586125018e-16</Rotation>
<Translation>0.075373533802498588 0.021589999999999686 0.3449682483256028</Translation>
</Transform>
</Instance>
<Instance name="6436K71_Clamping Two-Piece Shaft Collar-2" uid="6436K71_Clamping Two-Piece Shaft Collar-2" entityUid="6436K71_Clamping Two-Piece Shaft Collar*:*6436K71">
<Transform>
<Rotation>5.8687120354578352e-16 0.99999999992329436 -1.2385934820102792e-05 -1 5.9016744431168666e-16 0 0 1.2385934820175055e-05 0.99999999992329447</Rotation>
<Translation>-0.00063500000000021558 -0.030559375000000041 0.13398499999999841</Translation>
</Transform>
</Instance>
<Instance name="6436K71_Clamping Two-Piece Shaft Collar-3" uid="6436K71_Clamping Two-Piece Shaft Collar-3" entityUid="6436K71_Clamping Two-Piece Shaft Collar*:*6436K71">
<Transform>
<Rotation>6.8052035172809349e-16 -1 0 1 6.8052035172809349e-16 0 0 0 1</Rotation>
<Translation>-0.00063499999999981551 0.030559374999999653 0.13398499999999997</Translation>
</Transform>
</Instance>
<Instance name="6436K71_Clamping Two-Piece Shaft Collar-6" uid="6436K71_Clamping Two-Piece Shaft Collar-6" entityUid="6436K71_Clamping Two-Piece Shaft Collar*:*6436K71">
<Transform>
<Rotation>-4.3559099189874754e-16 1 0 -1 -4.3559099189874754e-16 0 0 0 1</Rotation>
<Translation>0.075373533802498671 -0.029924375000000315 0.34496824832560274</Translation>
</Transform>
</Instance>
<Instance name="1258N23_ 1&amp;5_8_ OD PEEK Plastic Ball Bearing-1" uid="1258N23_ 1&amp;5_8_ OD PEEK Plastic Ball Bearing-1" entityUid="1258N23_ 1&amp;5_8_ OD PEEK Plastic Ball Bearing*:*1258N23">
<Transform>
<Rotation>1 -5.5805567181335814e-16 -5.5805567181335814e-16 -5.5805567181335814e-16 0 -1 5.5805567181335814e-16 1 0</Rotation>
<Translation>-0.051433482142377189 -0.019843750000000181 0.69047125698397149</Translation>
</Transform>
</Instance>
<Instance name="1258N23_ 1&amp;5_8_ OD PEEK Plastic Ball Bearing-2" uid="1258N23_ 1&amp;5_8_ OD PEEK Plastic Ball Bearing-2" entityUid="1258N23_ 1&amp;5_8_ OD PEEK Plastic Ball Bearing*:*1258N23">
<Transform>
<Rotation>1 -5.5805567181335814e-16 -5.5805567181335814e-16 -5.5805567181335814e-16 0 -1 5.5805567181335814e-16 1 0</Rotation>
<Translation>-0.05143348214237714 0.019843749999999816 0.69047125698397149</Translation>
</Transform>
</Instance>
<Instance name="SS joint shaft 3 Quarter Diameter-1" uid="SS joint shaft 3 Quarter Diameter-1" entityUid="SS joint shaft 3 Quarter Diameter*:*Default">
<Transform>
<Rotation>0.51405140134609262 0 0.85775938162990595 0 1 0 -0.85775938162990595 0 0.51405140134609262</Rotation>
<Translation>-0.051433482142377127 -0.025400000000000183 0.69047125698397149</Translation>
</Transform>
</Instance>
<Instance name="6436K71_Clamping Two-Piece Shaft Collar-5" uid="6436K71_Clamping Two-Piece Shaft Collar-5" entityUid="6436K71_Clamping Two-Piece Shaft Collar*:*6436K71">
<Transform>
<Rotation>2.9885678419169197e-16 -1 1.5402147586125015e-16 1 2.9885678419169197e-16 1.540214758612501e-16 -1.5402147586125015e-16 1.540214758612501e-16 1</Rotation>
<Translation>0.075373533802498588 0.029924374999999691 0.3449682483256028</Translation>
</Transform>
</Instance>
<Instance name="6436K71_Clamping Two-Piece Shaft Collar-11" uid="6436K71_Clamping Two-Piece Shaft Collar-11" entityUid="6436K71_Clamping Two-Piece Shaft Collar*:*6436K71">
<Transform>
<Rotation>0 0.99999999999999933 -4.2031502173287392e-08 -1 0 0 0 4.203150219863306e-08 0.99999999999999933</Rotation>
<Translation>0.12700000000000025 0.017859374999999993 0.20772636204899783</Translation>
</Transform>
</Instance>
<Instance name="6436K71_Clamping Two-Piece Shaft Collar-10" uid="6436K71_Clamping Two-Piece Shaft Collar-10" entityUid="6436K71_Clamping Two-Piece Shaft Collar*:*6436K71">
<Transform>
<Rotation>6.2822930899002501e-16 0.99999999999998712 1.6148945610527914e-07 -1 6.255836364103228e-16 0 0 -1.6148945625080109e-07 0.99999999999998712</Rotation>
<Translation>0.15136509488807573 0.017859374999999601 0.33928824003165242</Translation>
</Transform>
</Instance>
<Instance name="9533T3_Self-Aligning Linear Sleeve Bearing-1" uid="9533T3_Self-Aligning Linear Sleeve Bearing-1" entityUid="9533T3_Self-Aligning Linear Sleeve Bearing*:*9533T3">
<Transform>
<Rotation>-1 0 0 0 1.2246467991473537e-16 1 0 1 -1.2246467991473532e-16</Rotation>
<Translation>-0.050799999999999998 0.060325000000000031 0</Translation>
</Transform>
</Instance>
<Instance name="9533T3_Self-Aligning Linear Sleeve Bearing-5" uid="9533T3_Self-Aligning Linear Sleeve Bearing-5" entityUid="9533T3_Self-Aligning Linear Sleeve Bearing*:*9533T3">
<Transform>
<Rotation>-0.83716910433122238 0.54694413860398872 0 0 0 -1 -0.54694413860398872 -0.83716910433122238 0</Rotation>
<Translation>-0.050799999999999956 -0.060324999999999976 0.063500000000000001</Translation>
</Transform>
</Instance>
<Instance name="6436K71_Clamping Two-Piece Shaft Collar-9" uid="6436K71_Clamping Two-Piece Shaft Collar-9" entityUid="6436K71_Clamping Two-Piece Shaft Collar*:*6436K71">
<Transform>
<Rotation>0 -0.10926707750071944 0.99401242737425155 -1 0 0 0 -0.99401242737425155 -0.10926707750071944</Rotation>
<Translation>0.15136509488807573 -0.017859375000000399 0.33928824003165242</Translation>
</Transform>
</Instance>
<Instance name="6436K72_Clamping Two-Piece Shaft Collar-2" uid="6436K72_Clamping Two-Piece Shaft Collar-2" entityUid="6436K72_Clamping Two-Piece Shaft Collar*:*6436K72">
<Transform>
<Rotation>0 1 0 -1 0 0 0 0 1</Rotation>
<Translation>-0.051433482142377127 -0.073750000000000801 0.69047125698397149</Translation>
</Transform>
</Instance>
<Instance name="6436K72_Clamping Two-Piece Shaft Collar-1" uid="6436K72_Clamping Two-Piece Shaft Collar-1" entityUid="6436K72_Clamping Two-Piece Shaft Collar*:*6436K72">
<Transform>
<Rotation>0 0.83716910433122238 -0.54694413860398872 -1 0 0 0 0.54694413860398872 0.83716910433122238</Rotation>
<Translation>-0.051433482142377127 0.031749999999999813 0.69047125698397149</Translation>
</Transform>
</Instance>
<Instance name="SS joint shaft-5" uid="SS joint shaft-5" entityUid="SS joint shaft*:*Default">
<Transform>
<Rotation>1 0 0 0 1 0 0 0 1</Rotation>
<Translation>0.12700000000000028 0 0.2077263620489978</Translation>
</Transform>
</Instance>
<Instance name="6436K71_Clamping Two-Piece Shaft Collar-8" uid="6436K71_Clamping Two-Piece Shaft Collar-8" entityUid="6436K71_Clamping Two-Piece Shaft Collar*:*6436K71">
<Transform>
<Rotation>0 0.97334190254580544 0.22935897791129087 -1 0 0 0 -0.22935897791129103 0.97334190254580544</Rotation>
<Translation>0.12700000000000028 -0.017859375000000004 0.2077263620489978</Translation>
</Transform>
</Instance>
<Instance name="SS joint shaft-4" uid="SS joint shaft-4" entityUid="SS joint shaft*:*Default">
<Transform>
<Rotation>1 0 0 0 1 0 0 0 1</Rotation>
<Translation>0.15136509488807573 0 0.33928824003165242</Translation>
</Transform>
</Instance>
<Instance name="Tension belt mockup with tensioner-2" uid="Tension belt mockup with tensioner-2" entityUid="Tension belt mockup with tensioner*:*Default">
<Transform>
<Rotation>-5.7125110694798922e-16 0.73246264044371934 0.68080722701379626 -1 -4.0395541637986903e-16 -4.0447404950839042e-16 0 -0.68080722701379626 0.73246264044371934</Rotation>
<Translation>0.024140343816248314 -0.049900000000000846 0.62022711886035808</Translation>
</Transform>
<VisualProperties>
<Ambient r="1" g="1" b="1" a="1"/>
<Diffuse r="1" g="1" b="1" a="1"/>
<Specular r="0.5" g="0.5" b="0.5" a="1"/>
<Emissive r="0" g="0" b="0" a="1"/>
<Shininess>0.3125</Shininess>
</VisualProperties>
</Instance>
<Instance name="9533T3_Self-Aligning Linear Sleeve Bearing-2" uid="9533T3_Self-Aligning Linear Sleeve Bearing-2" entityUid="9533T3_Self-Aligning Linear Sleeve Bearing*:*9533T3">
<Transform>
<Rotation>-0.83716910433122238 -0.54694413860398872 0 0 0 1 -0.54694413860398872 0.83716910433122238 0</Rotation>
<Translation>0 0.060325000000000031 0</Translation>
</Transform>
</Instance>
<Instance name="9533T3_Self-Aligning Linear Sleeve Bearing-3" uid="9533T3_Self-Aligning Linear Sleeve Bearing-3" entityUid="9533T3_Self-Aligning Linear Sleeve Bearing*:*9533T3">
<Transform>
<Rotation>-0.83716910433122238 -0.54694413860398872 0 0 0 1 -0.54694413860398872 0.83716910433122238 0</Rotation>
<Translation>0 0.060325000000000031 0.063499999999999987</Translation>
</Transform>
</Instance>
<Instance name="9533T3_Self-Aligning Linear Sleeve Bearing-4" uid="9533T3_Self-Aligning Linear Sleeve Bearing-4" entityUid="9533T3_Self-Aligning Linear Sleeve Bearing*:*9533T3">
<Transform>
<Rotation>-0.83716910433122238 -0.54694413860398872 0 0 0 1 -0.54694413860398872 0.83716910433122238 0</Rotation>
<Translation>-0.050799999999999984 0.060325000000000031 0.063499999999999987</Translation>
</Transform>
</Instance>
<Instance name="9533T3_Self-Aligning Linear Sleeve Bearing-6" uid="9533T3_Self-Aligning Linear Sleeve Bearing-6" entityUid="9533T3_Self-Aligning Linear Sleeve Bearing*:*9533T3">
<Transform>
<Rotation>-0.83716910433122238 0.54694413860398872 0 0 0 -1 -0.54694413860398872 -0.83716910433122238 0</Rotation>
<Translation>0 -0.060324999999999976 0.063500000000000001</Translation>
</Transform>
</Instance>
<Instance name="1258N23_ 1&amp;5_8_ OD PEEK Plastic Ball Bearing-4" uid="1258N23_ 1&amp;5_8_ OD PEEK Plastic Ball Bearing-4" entityUid="1258N23_ 1&amp;5_8_ OD PEEK Plastic Ball Bearing*:*1258N23">
<Transform>
<Rotation>1 0 0 0 0 -1 0 1 0</Rotation>
<Translation>-0.11869999999999999 -0.012541249999999986 0.10536215932167711</Translation>
</Transform>
</Instance>
<Instance name="Motor Enclosure Assem-6" uid="Motor Enclosure Assem-6" entityUid="Motor Enclosure Assem">
<Transform>
<Rotation>-3.5102911969622839e-15 1.2246467991473739e-16 1 0 1.0000000000000002 -1.2246467991473749e-16 -1.0000000000000002 0 -3.5102911969622835e-15</Rotation>
<Translation>-0.025399999999999586 -0.4353877499999998 0.031750000000000556</Translation>
</Transform>
<Instance name="ElectroCraft-LRPX40-250V24-020-X 093-1" uid="ElectroCraft-LRPX40-250V24-020-X 093-1" entityUid="ElectroCraft-LRPX40-250V24-020-X 093">
<Transform>
<Rotation>-1 -3.5249581031848708e-15 0 0 -1.2246467991473355e-16 1 -3.5249581031848708e-15 1 1.2246467991473355e-16</Rotation>
<Translation>0 0.051934749999999974 0</Translation>
</Transform>
<Instance name="ElectroCraft-LRPX40-250V24-020-X 093_LRPX40_Front_shaft-1" uid="ElectroCraft-LRPX40-250V24-020-X 093_LRPX40_Front_shaft-1" entityUid="ElectroCraft-LRPX40-250V24-020-X 093_LRPX40_Front_shaft*:*Key">
<Transform>
<Rotation>-0.99883664308492748 -0.048221991153764014 0 0.048221991153763993 -0.99883664308492726 1.2246467991473525e-16 0 1.2232220978250442e-16 1</Rotation>
<Translation>0 0 0</Translation>
</Transform>
</Instance>
<Instance name="ElectroCraft-LRPX40-250V24-020-X 093_LRPX40_Stage3-1" uid="ElectroCraft-LRPX40-250V24-020-X 093_LRPX40_Stage3-1" entityUid="ElectroCraft-LRPX40-250V24-020-X 093_LRPX40_Stage3*:*Default">
<Transform>
<Rotation>1 0 0 0 1 0 0 0 1</Rotation>
<Translation>0 0 0</Translation>
</Transform>
</Instance>
<Instance name="ElectroCraft-LRPX40-250V24-020-X 093_RPX40-250-1" uid="ElectroCraft-LRPX40-250V24-020-X 093_RPX40-250-1" entityUid="ElectroCraft-LRPX40-250V24-020-X 093_RPX40-250*:*Default">
<Transform>
<Rotation>-0.54142439919812935 -0.84074943946038083 0 0.84074943946038094 -0.54142439919812924 1.2246467991473542e-16 -1.0296211099200881e-16 0 1</Rotation>
<Translation>0 0 -0.069000000000000006</Translation>
</Transform>
</Instance>
</Instance>
<Instance name="Motor Enclosure Body-1" uid="Motor Enclosure Body-1" entityUid="Motor Enclosure Body*:*Default">
<Transform>
<Rotation>-1 0 0 0 1 1.2246467991473515e-16 0 1.2246467991473515e-16 -1</Rotation>
<Translation>0 0 0</Translation>
</Transform>
</Instance>
</Instance>
<Instance name="Motor Enclosure Assem-1" uid="Motor Enclosure Assem-1" entityUid="Motor Enclosure Assem">
<Transform>
<Rotation>-0.34555620523062625 -1.188065979822864e-15 0.93839805467968085 2.0779592584713491e-16 -1 -1.1895387065841432e-15 0.93839805467968085 -2.1605718883684909e-16 0.34555620523062625</Rotation>
<Translation>0.097243141400040381 0.040100249999999629 0.54957183140766297</Translation>
</Transform>
<Instance name="ElectroCraft-LRPX40-250V24-020-X 093-1" uid="ElectroCraft-LRPX40-250V24-020-X 093-1" entityUid="ElectroCraft-LRPX40-250V24-020-X 093">
<Transform>
<Rotation>-1 -3.5527136788005009e-15 0 0 -1.224646799147331e-16 0.99999999999999989 -3.5527136788005009e-15 1 1.2246467991473367e-16</Rotation>
<Translation>0 0.051934749999999988 0</Translation>
</Transform>
<Instance name="ElectroCraft-LRPX40-250V24-020-X 093_LRPX40_Front_shaft-1" uid="ElectroCraft-LRPX40-250V24-020-X 093_LRPX40_Front_shaft-1" entityUid="ElectroCraft-LRPX40-250V24-020-X 093_LRPX40_Front_shaft*:*Key">
<Transform>
<Rotation>-0.99819981857195228 -0.059976013563101949 1.7955988611981515e-16 0.059976013563101893 -0.99819981857195239 0 1.7529113720664805e-16 0 0.99999999999999989</Rotation>
<Translation>0 0 0</Translation>
</Transform>
</Instance>
<Instance name="ElectroCraft-LRPX40-250V24-020-X 093_LRPX40_Stage3-1" uid="ElectroCraft-LRPX40-250V24-020-X 093_LRPX40_Stage3-1" entityUid="ElectroCraft-LRPX40-250V24-020-X 093_LRPX40_Stage3*:*Default">
<Transform>
<Rotation>1 0 0 0 1 0 0 0 1</Rotation>
<Translation>0 0 0</Translation>
</Transform>
</Instance>
<Instance name="ElectroCraft-LRPX40-250V24-020-X 093_RPX40-250-1" uid="ElectroCraft-LRPX40-250V24-020-X 093_RPX40-250-1" entityUid="ElectroCraft-LRPX40-250V24-020-X 093_RPX40-250*:*Default">
<Transform>
<Rotation>-0.53149037884531847 -0.84706432884100358 4.5867892637624041e-16 0.84706432884100358 -0.53149037884531847 1.9694940516776925e-16 0 4.9320727089037969e-16 0.99999999999999989</Rotation>
<Translation>-3.8191672047105385e-14 1.226796442210798e-14 -0.068999999999969863</Translation>
</Transform>
</Instance>
</Instance>
<Instance name="Motor Enclosure Body-1" uid="Motor Enclosure Body-1" entityUid="Motor Enclosure Body*:*Default">
<Transform>
<Rotation>-1 0 0 0 1 1.22464679914735e-16 0 1.2246467991473554e-16 -1</Rotation>
<Translation>0 0 0</Translation>
</Transform>
</Instance>
</Instance>
<Instance name="9533T3_Self-Aligning Linear Sleeve Bearing-7" uid="9533T3_Self-Aligning Linear Sleeve Bearing-7" entityUid="9533T3_Self-Aligning Linear Sleeve Bearing*:*9533T3">
<Transform>
<Rotation>-0.83716910433122238 0.54694413860398872 0 0 0 -1 -0.54694413860398872 -0.83716910433122238 0</Rotation>
<Translation>-0.050799999999999956 -0.060324999999999976 0</Translation>
</Transform>
</Instance>
<Instance name="Motor Enclosure Assem-5" uid="Motor Enclosure Assem-5" entityUid="Motor Enclosure Assem">
<Transform>
<Rotation>-0.85775938162991228 0 -0.51405140134608185 -3.7025625232429189e-16 -1 4.9860844684287089e-16 -0.51405140134608196 6.4289006358094402e-16 0.85775938162991228</Rotation>
<Translation>-0.35645271824997521 0.071373999999999771 0.50767457866529875</Translation>
</Transform>
<Instance name="Motor Enclosure Body-1" uid="Motor Enclosure Body-1" entityUid="Motor Enclosure Body*:*Default">
<Transform>
<Rotation>-1 0 0 0 1 0 0 1.5828962218704697e-16 -1</Rotation>
<Translation>0 0 0</Translation>
</Transform>
</Instance>
<Instance name="ElectroCraft-LRPX40-250V24-020-X 093-1" uid="ElectroCraft-LRPX40-250V24-020-X 093-1" entityUid="ElectroCraft-LRPX40-250V24-020-X 093">
<Transform>
<Rotation>-1.0000000000000002 -3.6082248300317588e-15 0 0 0 0.99999999999999989 -3.3861802251067274e-15 1 1.58289622187045e-16</Rotation>
<Translation>0 0.051934749999999988 0</Translation>
</Transform>
<Instance name="ElectroCraft-LRPX40-250V24-020-X 093_LRPX40_Front_shaft-1" uid="ElectroCraft-LRPX40-250V24-020-X 093_LRPX40_Front_shaft-1" entityUid="ElectroCraft-LRPX40-250V24-020-X 093_LRPX40_Front_shaft*:*Key">
<Transform>
<Rotation>0.048867102265528539 -0.99880528949148562 0 0.99880528949148562 0.048867102265528532 -2.2141139629022331e-16 2.2225993818643412e-16 0 1</Rotation>
<Translation>0 0 0</Translation>
</Transform>
</Instance>
<Instance name="ElectroCraft-LRPX40-250V24-020-X 093_LRPX40_Stage3-1" uid="ElectroCraft-LRPX40-250V24-020-X 093_LRPX40_Stage3-1" entityUid="ElectroCraft-LRPX40-250V24-020-X 093_LRPX40_Stage3*:*Default">
<Transform>
<Rotation>1 0 0 0 1 0 0 0 1</Rotation>
<Translation>0 0 0</Translation>
</Transform>
</Instance>
<Instance name="ElectroCraft-LRPX40-250V24-020-X 093_RPX40-250-1" uid="ElectroCraft-LRPX40-250V24-020-X 093_RPX40-250-1" entityUid="ElectroCraft-LRPX40-250V24-020-X 093_RPX40-250*:*Default">
<Transform>
<Rotation>-0.49969256494101733 -0.86620282875471333 0 0.86620282875471322 -0.49969256494101738 0 0 0 1</Rotation>
<Translation>7.3274719625260332e-15 -5.5511151231257827e-16 -0.068999999999999923</Translation>
</Transform>
</Instance>
</Instance>
</Instance>
<Instance name="9533T3_Self-Aligning Linear Sleeve Bearing-8" uid="9533T3_Self-Aligning Linear Sleeve Bearing-8" entityUid="9533T3_Self-Aligning Linear Sleeve Bearing*:*9533T3">
<Transform>
<Rotation>-0.83716910433122238 0.54694413860398872 0 0 0 -1 -0.54694413860398872 -0.83716910433122238 0</Rotation>
<Translation>0 -0.060324999999999976 0</Translation>
</Transform>
</Instance>
<Instance name="6443K42_Single U-Joint-1" uid="6443K42_Single U-Joint-1" entityUid="6443K42_Single U-Joint*:*6443K42">
<Transform>
<Rotation>0 0.99616729310480534 -0.087468418004700732 -1 0 2.0887508556185031e-16 2.0895884959340601e-16 0.087468418004700732 0.99616729310480534</Rotation>
<Translation>-0.025400000000000318 -0.34244050000000009 0.031749999999999043</Translation>
</Transform>
</Instance>
<Instance name="Motor Enclosure Assem-4" uid="Motor Enclosure Assem-4" entityUid="Motor Enclosure Assem">
<Transform>
<Rotation>-2.1224851941362411e-14 1.2246467991473342e-16 -1 0 -1 -1.2246467991473345e-16 -1 0 2.1224851941362411e-14</Rotation>
<Translation>-0.11869999999999999 0.072485250000000001 0.10536215932167706</Translation>
</Transform>
<Instance name="Motor Enclosure Body-1" uid="Motor Enclosure Body-1" entityUid="Motor Enclosure Body*:*Default">
<Transform>
<Rotation>-1 0 0 0 1 1.224646799147353e-16 0 1.2246467991473535e-16 -1</Rotation>
<Translation>0 0 0</Translation>
</Transform>
</Instance>
<Instance name="ElectroCraft-LRPX40-250V24-020-X 093-1" uid="ElectroCraft-LRPX40-250V24-020-X 093-1" entityUid="ElectroCraft-LRPX40-250V24-020-X 093">
<Transform>
<Rotation>-1 -3.524958103184872e-15 0 0 -1.2246467991473332e-16 0.99999999999999989 -3.524958103184872e-15 1 1.2246467991473335e-16</Rotation>
<Translation>0 0.051934749999999988 0</Translation>
</Transform>
<Instance name="ElectroCraft-LRPX40-250V24-020-X 093_LRPX40_Front_shaft-1" uid="ElectroCraft-LRPX40-250V24-020-X 093_LRPX40_Front_shaft-1" entityUid="ElectroCraft-LRPX40-250V24-020-X 093_LRPX40_Front_shaft*:*Key">
<Transform>
<Rotation>-7.6691104447352697e-15 -1 0 1 -7.6691104447352697e-15 1.2246467991473867e-16 -1.2246467991473862e-16 0 0.99999999999999989</Rotation>
<Translation>0 0 0</Translation>
</Transform>
</Instance>
<Instance name="ElectroCraft-LRPX40-250V24-020-X 093_LRPX40_Stage3-1" uid="ElectroCraft-LRPX40-250V24-020-X 093_LRPX40_Stage3-1" entityUid="ElectroCraft-LRPX40-250V24-020-X 093_LRPX40_Stage3*:*Default">
<Transform>
<Rotation>1 0 0 0 1 0 0 0 1</Rotation>
<Translation>0 0 0</Translation>
</Transform>
</Instance>
<Instance name="ElectroCraft-LRPX40-250V24-020-X 093_RPX40-250-1" uid="ElectroCraft-LRPX40-250V24-020-X 093_RPX40-250-1" entityUid="ElectroCraft-LRPX40-250V24-020-X 093_RPX40-250*:*Default">
<Transform>
<Rotation>-0.5414243991981289 -0.84074943946038116 0 0.84074943946038116 -0.5414243991981289 1.2246467991473549e-16 -1.0296211099200853e-16 0 0.99999999999999956</Rotation>
<Translation>0 0 -0.06899999999999995</Translation>
</Transform>
</Instance>
</Instance>
</Instance>
<Instance name="PEEK Thread Insert-1" uid="PEEK Thread Insert-1" entityUid="PEEK Thread Insert*:*Default">
<Transform>
<Rotation>0.89275065995219416 0 -0.45055106165108749 0 1 0 0.4505510616510876 0 0.89275065995219416</Rotation>
<Translation>-0.025399999999999947 0 0.031750000000000056</Translation>
</Transform>
</Instance>
<Instance name="2796T14_Ultra-Low-Friction Dry-Running Thrust Bearing-1" uid="2796T14_Ultra-Low-Friction Dry-Running Thrust Bearing-1" entityUid="2796T14_Ultra-Low-Friction Dry-Running Thrust Bearing*:*2796T14">
<Transform>
<Rotation>1 0 0 0 0 -1 0 1 0</Rotation>
<Translation>-0.025399999999999999 0.38417499999999999 0.03175</Translation>
</Transform>
</Instance>
<Instance name="1258N23_ 1&amp;5_8_ OD PEEK Plastic Ball Bearing-3" uid="1258N23_ 1&amp;5_8_ OD PEEK Plastic Ball Bearing-3" entityUid="1258N23_ 1&amp;5_8_ OD PEEK Plastic Ball Bearing*:*1258N23">
<Transform>
<Rotation>1 -7.3204515592375683e-16 7.3204515592375703e-16 -7.3204515592375683e-16 2.9544598023676603e-16 1 -7.3204515592375703e-16 -1 2.9544598023676549e-16</Rotation>
<Translation>-0.35645271824997155 -0.01317625000000008 0.50767457866530075</Translation>
</Transform>
</Instance>
<Instance name="6436K13_Clamping Two-Piece Shaft Collar-2" uid="6436K13_Clamping Two-Piece Shaft Collar-2" entityUid="6436K13_Clamping Two-Piece Shaft Collar*:*6436K13">
<Transform>
<Rotation>-1.6921526302234084e-15 -1 0 1 -1.6921526302234084e-15 0 0 0 1</Rotation>
<Translation>0.072189019354410536 -0.055720500000000325 0.63247338520940277</Translation>
</Transform>
</Instance>
<Instance name="7749N811_Corrosion-Resistant Extension Spring with Loop Ends-1" uid="7749N811_Corrosion-Resistant Extension Spring with Loop Ends-1" entityUid="7749N811_Corrosion-Resistant Extension Spring with Loop Ends*:*7749N811">
<Transform>
<Rotation>0.18333911752191237 -0.98304972813499436 -1.1279800623864325e-15 -4.2864038718213982e-16 1.0674877191178099e-15 -0.99999999999999989 0.98304972813499436 0.18333911752191237 -2.2566255969854295e-16</Rotation>
<Translation>0.13975872877418868 0 0.27340577559192319</Translation>
</Transform>
</Instance>
<Instance name="6235K62_Idler Pulley-1" uid="6235K62_Idler Pulley-1" entityUid="6235K62_Idler Pulley*:*6235K62">
<Transform>
<Rotation>1 1.6921526302234092e-15 -1.6921526302234082e-15 1.6921526302234086e-15 -1.8186283606158747e-16 1 1.6921526302234088e-15 -1 -1.8186283606159033e-16</Rotation>
<Translation>0.072189019354410564 -0.04495799999999988 0.63247338520940288</Translation>
</Transform>
</Instance>
<Instance name="SS joint shaft 3 8th Diameter-1" uid="SS joint shaft 3 8th Diameter-1" entityUid="SS joint shaft 3 8th Diameter*:*Default">
<Transform>
<Rotation>0.90942837288235789 0 0.41586059514763751 0 1 0 -0.4158605951476374 0 0.90942837288235778</Rotation>
<Translation>0.072189019354410522 -0.031908000000000332 0.63247338520940277</Translation>
</Transform>
</Instance>
<Instance name="Motor Bearing spacer-1" uid="Motor Bearing spacer-1" entityUid="Motor Bearing spacer*:*Default">
<Transform>
<Rotation>-6.735861935512292e-16 -0.4715210433136483 -0.88185480988222142 -1 -9.2149000702444064e-16 1.25654258575115e-15 -1.4051066659543179e-15 0.88185480988222142 -0.4715210433136483</Rotation>
<Translation>-0.35645271824997155 -0.013176250000000117 0.50767457866530075</Translation>
</Transform>
</Instance>
