<?xml version="1.0" encoding="UTF-8" standalone="no" ?>
<SimscapeMultibodyImportXML version="2.0" xmlns="urn:mathworks:SimscapeMultibody:import" xmlns:xsi="http://www.w3.org/2001/XMLSchema-instance">
<Created by="" on="03/31/26||01:00:59" using="Simscape Multibody Link Version 7.4" from="SolidWorks 33.5.0"/>
<ModelUnits mass="kilogram" length="inch"/>
<DataUnits mass="kilogram" length="meter"/>
<RootAssembly name="Vessel Version 4 Assem" uid="Vessel Version 4 Assem" version="522">
<AssemblyFile name="Vessel Version 4 Assem.SLDASM" type="SolidWorks Assembly"/>
<InstanceTree>
<Instance name="Vessel Grate-1" uid="Vessel Grate-1" entityUid="Vessel Grate*:*Default">
<Transform>
<Rotation>1 0 0 0 1 0 0 0 1</Rotation>
<Translation>-0.0043567924717189399 -0.76200000000000023 -0.3520730811305447</Translation>
</Transform>
</Instance>
<Instance name="Vessel Cylinder-1" uid="Vessel Cylinder-1" grounded="true" entityUid="Vessel Cylinder*:*Default">
<Transform>
<Rotation>1 0 0 0 1 0 0 0 1</Rotation>
<Translation>-0.0043567924717189399 0 0.030497547302032246</Translation>
</Transform>
</Instance>
<Instance name="AMZ-HD41-3 Outline with Arm-1" uid="AMZ-HD41-3 Outline with Arm-1" entityUid="AMZ-HD41-3 Outline with Arm" rigid="true">
<Transform>
<Rotation>-8.304589551559561e-16 0.70710678118654868 0.70710678118654646 1 5.2490011621256745e-16 6.4954620116317557e-16 0 0.70710678118654646 -0.70710678118654868</Rotation>
<Translation>-0.33892543605342446 -0.62240031718361999 0.35942259372824742</Translation>
</Transform>
<Instance name="AMZ-HD41-3 Outline with Arm.STEP-1" uid="AMZ-HD41-3 Outline with Arm.STEP-1" grounded="true" entityUid="AMZ-HD41-3 Outline with Arm.STEP" rigid="true">
<Transform>
<Rotation>1 0 0 0 1 0 0 0 1</Rotation>
<Translation>0 0 0</Translation>
</Transform>
<Instance name="IVC2135.STEP-1" uid="IVC2135.STEP-1" grounded="true" entityUid="IVC2135.STEP" rigid="true">
<Transform>
<Rotation>1 0 0 0 1 0 0 0 1</Rotation>
<Translation>0.31760031718361997 -0.10768954222484406 0.14921769632497595</Translation>
</Transform>
<Instance name="Tilt Fasteners_IVC2135.STEP-4" uid="Tilt Fasteners_IVC2135.STEP-4" grounded="true" entityUid="Tilt Fasteners_IVC2135.STEP" rigid="true">
<Transform>
<Rotation>-1 0 0 0 0.4999999999999809 0.86602540378444981 0 0.86602540378444981 -0.4999999999999809</Rotation>
<Translation>-0.040713634367242013 0.093411935220722081 -0.17147161783561804</Translation>
</Transform>
<Instance name="92000A118_18-8 SS METRIC PAN HEAD PHIL MACHINE SCREW_92000A118.STEP-1" uid="92000A118_18-8 SS METRIC PAN HEAD PHIL MACHINE SCREW_92000A118.STEP-1" grounded="true" entityUid="92000A118_18-8 SS METRIC PAN HEAD PHIL MACHINE SCREW_92000A118.STEP*:*Default">
<Transform>
<Rotation>0 0 1 -0.043294976145561014 0.99906233291049229 0 -0.99906233291049229 -0.043294976145561014 0</Rotation>
<Translation>-0.0016075171836209545 0.157809968043783 -0.016751184359528021</Translation>
</Transform>
</Instance>
<Instance name="90965A130_TYPE 316 STAINLESS STEEL FLAT WASHER_90965A130.STEP-1" uid="90965A130_TYPE 316 STAINLESS STEEL FLAT WASHER_90965A130.STEP-1" grounded="true" entityUid="90965A130_TYPE 316 STAINLESS STEEL FLAT WASHER_90965A130.STEP*:*Default">
<Transform>
<Rotation>0 2.0000000000000005e-15 1 2.0539125955565396e-15 1.0000000000000002 -2.0000000000000002e-15 -1.0000000000000002 2.0539125955565396e-15 0</Rotation>
<Translation>0.0042049828163790437 0.157809968043783 -0.016751184359528992</Translation>
</Transform>
</Instance>
<Instance name="92153A416_TYPE 316 STAINLESS STEEL SPLIT LOCK WASHER (1)_92153A416.STEP-1" uid="92153A416_TYPE 316 STAINLESS STEEL SPLIT LOCK WASHER (1)_92153A416.STEP-1" grounded="true" entityUid="92153A416_TYPE 316 STAINLESS STEEL SPLIT LOCK WASHER (1)_92153A416.STEP*:*Default">
<Transform>
<Rotation>0 2.0000000000000005e-15 -1 1.9984014443252818e-15 1.0000000000000002 2.0000000000000002e-15 1.0000000000000002 -1.9984014443252818e-15 0</Rotation>
<Translation>0.0056221714624070662 0.157809968043783 -0.016751184359528021</Translation>
</Transform>
</Instance>
</Instance>
<Instance name="Tilt Fasteners_IVC2135.STEP-1" uid="Tilt Fasteners_IVC2135.STEP-1" grounded="true" entityUid="Tilt Fasteners_IVC2135.STEP" rigid="true">
<Transform>
<Rotation>1 0 0 0 1 0 0 0 1</Rotation>
<Translation>0 0 0</Translation>
</Transform>
<Instance name="92000A118_18-8 SS METRIC PAN HEAD PHIL MACHINE SCREW_92000A118.STEP-1" uid="92000A118_18-8 SS METRIC PAN HEAD PHIL MACHINE SCREW_92000A118.STEP-1" grounded="true" entityUid="92000A118_18-8 SS METRIC PAN HEAD PHIL MACHINE SCREW_92000A118.STEP*:*Default">
<Transform>
<Rotation>0 0 1 -0.043294976145560937 0.9990623329104924 0 -0.9990623329104924 -0.043294976145560937 0</Rotation>
<Translation>-0.0016075171836210655 0.15780996804378303 -0.016751184359527993</Translation>
</Transform>
</Instance>
<Instance name="90965A130_TYPE 316 STAINLESS STEEL FLAT WASHER_90965A130.STEP-1" uid="90965A130_TYPE 316 STAINLESS STEEL FLAT WASHER_90965A130.STEP-1" grounded="true" entityUid="90965A130_TYPE 316 STAINLESS STEEL FLAT WASHER_90965A130.STEP*:*Default">
<Transform>
<Rotation>0 1.9999999999999998e-15 1 2.0539125955565396e-15 1.0000000000000002 -2.0000000000000005e-15 -1.0000000000000002 2.0539125955565396e-15 0</Rotation>
<Translation>0.0042049828163789882 0.15780996804378306 -0.016751184359529048</Translation>
</Transform>
</Instance>
<Instance name="92153A416_TYPE 316 STAINLESS STEEL SPLIT LOCK WASHER (1)_92153A416.STEP-1" uid="92153A416_TYPE 316 STAINLESS STEEL SPLIT LOCK WASHER (1)_92153A416.STEP-1" grounded="true" entityUid="92153A416_TYPE 316 STAINLESS STEEL SPLIT LOCK WASHER (1)_92153A416.STEP*:*Default">
<Transform>
<Rotation>0 2.0000000000000002e-15 -1 2.0539125955565396e-15 1.0000000000000002 2.0000000000000005e-15 1.0000000000000002 -2.0539125955565396e-15 0</Rotation>
<Translation>0.0056221714624069552 0.15780996804378303 -0.016751184359527993</Translation>
</Transform>
</Instance>
</Instance>
<Instance name="Tilt Fasteners_IVC2135.STEP-3" uid="Tilt Fasteners_IVC2135.STEP-3" grounded="true" entityUid="Tilt Fasteners_IVC2135.STEP" rigid="true">
<Transform>
<Rotation>-1 0 0 0 0.34202014332564296 0.93969262078591775 0 0.93969262078591775 -0.34202014332564296</Rotation>
<Translation>-0.040713634367242013 0.11957674448730604 -0.170773289292251</Translation>
</Transform>
<Instance name="92000A118_18-8 SS METRIC PAN HEAD PHIL MACHINE SCREW_92000A118.STEP-1" uid="92000A118_18-8 SS METRIC PAN HEAD PHIL MACHINE SCREW_92000A118.STEP-1" grounded="true" entityUid="92000A118_18-8 SS METRIC PAN HEAD PHIL MACHINE SCREW_92000A118.STEP*:*Default">
<Transform>
<Rotation>0 0 1 -0.043294976145560986 0.99906233291049229 0 -0.99906233291049229 -0.043294976145560986 0</Rotation>
<Translation>-0.0016075171836209545 0.15780996804378311 -0.016751184359527965</Translation>
</Transform>
</Instance>
<Instance name="90965A130_TYPE 316 STAINLESS STEEL FLAT WASHER_90965A130.STEP-1" uid="90965A130_TYPE 316 STAINLESS STEEL FLAT WASHER_90965A130.STEP-1" grounded="true" entityUid="90965A130_TYPE 316 STAINLESS STEEL FLAT WASHER_90965A130.STEP*:*Default">
<Transform>
<Rotation>0 1.999999999999999e-15 1 2.0539125955565392e-15 1 -1.999999999999999e-15 -1 2.0539125955565392e-15 0</Rotation>
<Translation>0.0042049828163790437 0.15780996804378306 -0.016751184359528992</Translation>
</Transform>
</Instance>
<Instance name="92153A416_TYPE 316 STAINLESS STEEL SPLIT LOCK WASHER (1)_92153A416.STEP-1" uid="92153A416_TYPE 316 STAINLESS STEEL SPLIT LOCK WASHER (1)_92153A416.STEP-1" grounded="true" entityUid="92153A416_TYPE 316 STAINLESS STEEL SPLIT LOCK WASHER (1)_92153A416.STEP*:*Default">
<Transform>
<Rotation>0 1.9999999999999994e-15 -1 1.998401444325281e-15 1 1.9999999999999994e-15 1 -1.998401444325281e-15 0</Rotation>
<Translation>0.0056221714624070662 0.15780996804378311 -0.016751184359527965</Translation>
</Transform>
</Instance>
</Instance>
<Instance name="Tilt Fasteners_IVC2135.STEP-2" uid="Tilt Fasteners_IVC2135.STEP-2" grounded="true" entityUid="Tilt Fasteners_IVC2135.STEP" rigid="true">
<Transform>
<Rotation>1 1.9747010147691412e-15 -3.1710550652696607e-16 -2.0000000000000005e-15 0.98735050738457075 -0.158552753263483 0 0.158552753263483 0.98735050738457075</Rotation>
<Translation>0 -0.00065973037521599442 -0.034910498908617971</Translation>
</Transform>
<Instance name="92000A118_18-8 SS METRIC PAN HEAD PHIL MACHINE SCREW_92000A118.STEP-1" uid="92000A118_18-8 SS METRIC PAN HEAD PHIL MACHINE SCREW_92000A118.STEP-1" grounded="true" entityUid="92000A118_18-8 SS METRIC PAN HEAD PHIL MACHINE SCREW_92000A118.STEP*:*Default">
<Transform>
<Rotation>0 0 1 -0.043294976145561104 0.99906233291049229 0 -0.99906233291049229 -0.043294976145561104 0</Rotation>
<Translation>-0.00160751718362101 0.15780996804378306 -0.016751184359527993</Translation>
</Transform>
</Instance>
<Instance name="90965A130_TYPE 316 STAINLESS STEEL FLAT WASHER_90965A130.STEP-1" uid="90965A130_TYPE 316 STAINLESS STEEL FLAT WASHER_90965A130.STEP-1" grounded="true" entityUid="90965A130_TYPE 316 STAINLESS STEEL FLAT WASHER_90965A130.STEP*:*Default">
<Transform>
<Rotation>0 1.9999999999999994e-15 1 2.0539125955565396e-15 1.0000000000000002 -2.0000000000000009e-15 -1.0000000000000002 2.0539125955565396e-15 0</Rotation>
<Translation>0.0042049828163790437 0.15780996804378308 -0.016751184359528992</Translation>
</Transform>
</Instance>
<Instance name="92153A416_TYPE 316 STAINLESS STEEL SPLIT LOCK WASHER (1)_92153A416.STEP-1" uid="92153A416_TYPE 316 STAINLESS STEEL SPLIT LOCK WASHER (1)_92153A416.STEP-1" grounded="true" entityUid="92153A416_TYPE 316 STAINLESS STEEL SPLIT LOCK WASHER (1)_92153A416.STEP*:*Default">
<Transform>
<Rotation>0 1.999999999999999e-15 -1 2.1094237467877974e-15 1 2.0000000000000009e-15 1 -2.1094237467877974e-15 0</Rotation>
<Translation>0.0056221714624070107 0.15780996804378308 -0.016751184359527993</Translation>
</Transform>
</Instance>
</Instance>
<Instance name="D4463 Base.STEP-1" uid="D4463 Base.STEP-1" grounded="true" entityUid="D4463 Base.STEP*:*Default">
<Transform>
<Rotation>1 0 0 0 1 0 0 0 1</Rotation>
<Translation>-0.020356817183621034 0.14225246804378305 -0.01675118435952605</Translation>
</Transform>
</Instance>
<Instance name="91287A153_18-8 STAINLESS STEEL HEX HEAD CAP SCREW_91287A153.STEP-1" uid="91287A153_18-8 STAINLESS STEEL HEX HEAD CAP SCREW_91287A153.STEP-1" grounded="true" entityUid="91287A153_18-8 STAINLESS STEEL HEX HEAD CAP SCREW_91287A153.STEP*:*Default">
<Transform>
<Rotation>0 0.97419988504821697 -0.22568691581932901 -1.0000000000000002 0 0 0 0.22568691581932904 0.97419988504821708</Rotation>
<Translation>-0.020356817183621034 0.13902846804378302 -0.01675118435952605</Translation>
</Transform>
</Instance>
<Instance name="92153A429_TYPE 316 STAINLESS STEEL SPLIT LOCK WASHER_92153A429.STEP-1" uid="92153A429_TYPE 316 STAINLESS STEEL SPLIT LOCK WASHER_92153A429.STEP-1" grounded="true" entityUid="92153A429_TYPE 316 STAINLESS STEEL SPLIT LOCK WASHER_92153A429.STEP*:*Default">
<Transform>
<Rotation>0.39147091508813497 0.920190481715638 0 0 0 1.0000000000000002 0.92019048171563811 -0.39147091508813503 0</Rotation>
<Translation>-0.020356817183621034 0.14697846804378306 -0.01675118435952605</Translation>
</Transform>
</Instance>
<Instance name="90965A190_TYPE 316 STAINLESS STEEL FLAT WASHER_90965A190.STEP-1" uid="90965A190_TYPE 316 STAINLESS STEEL FLAT WASHER_90965A190.STEP-1" grounded="true" entityUid="90965A190_TYPE 316 STAINLESS STEEL FLAT WASHER_90965A190.STEP*:*Default">
<Transform>
<Rotation>0.923728021347068 0.38304900806323799 0 0 0 -1.0000000000000002 -0.38304900806323805 0.92372802134706822 0</Rotation>
<Translation>-0.020356817183621034 0.14405246804378302 -0.01675118435952605</Translation>
</Transform>
</Instance>
<Instance name="90592A022_STEEL HEX NUT_90592A022.STEP-1" uid="90592A022_STEEL HEX NUT_90592A022.STEP-1" grounded="true" entityUid="90592A022_STEEL HEX NUT_90592A022.STEP*:*Default">
<Transform>
<Rotation>-0.83716910433122194 0 -0.54694413860398894 0 -1 0 -0.54694413860398894 0 0.83716910433122194</Rotation>
<Translation>-0.020356817183621034 0.13525596804378306 -0.01675118435952605</Translation>
</Transform>
</Instance>
<Instance name="D4463 Mount.STEP-1" uid="D4463 Mount.STEP-1" grounded="true" entityUid="D4463 Mount.STEP*:*Default">
<Transform>
<Rotation>1 0 0 0 1 0 0 0 1</Rotation>
<Translation>-0.020356817183620979 0.11055916804378305 -0.26440118435952598</Translation>
</Transform>
</Instance>
<Instance name="D4463 Swivel.STEP-1" uid="D4463 Swivel.STEP-1" grounded="true" entityUid="D4463 Swivel.STEP*:*Default">
<Transform>
<Rotation>1 -2.9999999999999998e-15 0 -2.9999999999999998e-15 -1.0000000000000002 0 0 0 -1.0000000000000002</Rotation>
<Translation>-0.020356817183621034 0.17045916804378303 -0.016751184359527993</Translation>
</Transform>
</Instance>
</Instance>
<Instance name="IVC467_REV00.STEP-1" uid="IVC467_REV00.STEP-1" grounded="true" entityUid="IVC467_REV00.STEP" rigid="true">
<Transform>
<Rotation>0 2.9999999999999998e-15 -1 0 1.0000000000000002 2.9999999999999998e-15 1.0000000000000002 0 0</Rotation>
<Translation>0.32420027152132802 0.14050932558210202 0.15072000410826597</Translation>
</Transform>
<Instance name="96439A630_96439A630.STEP-4" uid="96439A630_96439A630.STEP-4" grounded="true" entityUid="96439A630_96439A630.STEP*:*Default">
<Transform>
<Rotation>0.54694413860399205 -0.83716910433121994 0 0 0 1 -0.83716910433121994 -0.54694413860399216 0</Rotation>
<Translation>0.0017490078571819612 -0.067325699763162994 0.026956771521326972</Translation>
</Transform>
</Instance>
<Instance name="IVC467_REV00 NO PEM NUTS.STEP-1" uid="IVC467_REV00 NO PEM NUTS.STEP-1" grounded="true" entityUid="IVC467_REV00 NO PEM NUTS.STEP*:*Default">
<Transform>
<Rotation>1 0 0 0 1 0 0 0 1</Rotation>
<Translation>-0.053876992142817992 -0.07641889976316299 0.026956771521326972</Translation>
</Transform>
</Instance>
<Instance name="96439A630_96439A630.STEP-1" uid="96439A630_96439A630.STEP-1" grounded="true" entityUid="96439A630_96439A630.STEP*:*Default">
<Transform>
<Rotation>0 -2.9976021664879227e-15 -1 -2.9999999999999998e-15 1 -2.9976021664879227e-15 1 2.9999999999999998e-15 0</Rotation>
<Translation>-0.13439499214281797 -0.046243699763162949 0.078518771521326969</Translation>
</Transform>
</Instance>
<Instance name="96439A630_96439A630.STEP-2" uid="96439A630_96439A630.STEP-2" grounded="true" entityUid="96439A630_96439A630.STEP*:*Default">
<Transform>
<Rotation>0 -2.9976021664879227e-15 -1 -2.9999999999999998e-15 1 -2.9976021664879227e-15 1 2.9999999999999998e-15 0</Rotation>
<Translation>-0.13439499214281797 -0.046243699763163004 -0.024605228478673025</Translation>
</Transform>
</Instance>
<Instance name="96439A630_96439A630.STEP-3" uid="96439A630_96439A630.STEP-3" grounded="true" entityUid="96439A630_96439A630.STEP*:*Default">
<Transform>
<Rotation>0.54694413860399205 -0.83716910433121994 0 0 0 1 -0.83716910433121994 -0.54694413860399216 0</Rotation>
<Translation>-0.049050992142817995 -0.067325699763162966 0.026956771521326972</Translation>
</Transform>
</Instance>
</Instance>
<Instance name="Backup of E44607.STEP-1" uid="Backup of E44607.STEP-1" grounded="true" entityUid="Backup of E44607.STEP" rigid="true">
<Transform>
<Rotation>0 -2.9999999999999998e-15 -1 2.9976021664879227e-15 1 -3.0000000000000002e-15 1 -2.9976021664879227e-15 0</Rotation>
<Translation>0.37300538299202102 -0.19597386666169103 0.058776283550003972</Translation>
</Transform>
<Instance name="Glass.STEP-1" uid="Glass.STEP-1" grounded="true" entityUid="Glass.STEP*:*Default">
<Transform>
<Rotation>0 0 1 -1.1016000000000002e-11 1 0 -1 -1.1015999999999999e-11 0</Rotation>
<Translation>0.13662122309845504 0.35056449248063104 0.075730132992019972</Translation>
</Transform>
</Instance>
<Instance name="Cover.STEP-1" uid="Cover.STEP-1" grounded="true" entityUid="Cover.STEP*:*Default">
<Transform>
<Rotation>0 0 -1 2.6424424320000001e-06 0.99999999999650879 0 0.99999999999650879 -2.6424424319999992e-06 0</Rotation>
<Translation>0.029649268330690981 0.35056449248063104 0.075730132992020027</Translation>
</Transform>
</Instance>
<Instance name="Base Current Rev.STEP-1" uid="Base Current Rev.STEP-1" grounded="true" entityUid="Base Current Rev.STEP*:*Default">
<Transform>
<Rotation>0 0 -1 0 1 0 1 0 0</Rotation>
<Translation>-0.033323034961839026 0.35056449248063104 0.075730132992019972</Translation>
</Transform>
</Instance>
</Instance>
</Instance>
</Instance>
<Instance name="Camera_Mockup-1" uid="Camera_Mockup-1" entityUid="Camera_Mockup*:*Default">
<Transform>
<Rotation>0 -1 0 1 0 0 0 0 1</Rotation>
<Translation>0.70669320752828102 -0.6604000000000001 0.030497547302032246</Translation>
</Transform>
</Instance>
<Instance name="Robot Arm Version 4 Assem-2" uid="Robot Arm Version 4 Assem-2" entityUid="Robot Arm Version 4 Assem">
<Transform>
<Rotation>1 0 0 0 1 0 0 0 1</Rotation>
<Translation>0.37156320752828109 -0.75088750000000393 -0.30444808113054467</Translation>
</Transform>
<Instance name="Arm Hitch Track Rod Prototype-2" uid="Arm Hitch Track Rod Prototype-2" entityUid="Arm Hitch Track Rod Prototype*:*Default">
<Transform>
<Rotation>1 0 0 0 1 0 0 0 1</Rotation>
<Translation>0 0 0.063500000000000001</Translation>
</Transform>
</Instance>
<Instance name="Arm Base Mount Clamp Assem-5" uid="Arm Base Mount Clamp Assem-5" entityUid="Arm Base Mount Clamp Assem" rigid="true">
<Transform>
<Rotation>1 0 0 0 1 0 0 0 1</Rotation>
<Translation>-0.025400000000000311 0.38099999999999995 0.0063499999999988566</Translation>
</Transform>
<Instance name="5720K23_Clamping Handle with Threaded Stud-2" uid="5720K23_Clamping Handle with Threaded Stud-2" entityUid="5720K23_Clamping Handle with Threaded Stud*:*5720K23">
<Transform>
<Rotation>3.0451815383720591e-16 0 1 0 1 0 -1 0 3.0451815383720591e-16</Rotation>
<Translation>-0.054768750003658384 0.0047625000000000028 -0.030162499999999981</Translation>
</Transform>
</Instance>
<Instance name="Arm Base Mount Jaw-1" uid="Arm Base Mount Jaw-1" entityUid="Arm Base Mount Jaw*:*Default">
<Transform>
<Rotation>0 -1 -3.0144529585260837e-16 1 0 3.0144529585260837e-16 -3.0144529585260837e-16 -3.0144529585260837e-16 1</Rotation>
<Translation>0 -0.014287500000000009 -0.038099999999999967</Translation>
</Transform>
</Instance>
<Instance name="Arm Base Mount Version 2-3" uid="Arm Base Mount Version 2-3" entityUid="Arm Base Mount Version 2*:*Default">
<Transform>
<Rotation>1 0 0 0 1 0 0 0 1</Rotation>
<Translation>0 0 0</Translation>
</Transform>
</Instance>
<Instance name="5720K23_Clamping Handle with Threaded Stud-1" uid="5720K23_Clamping Handle with Threaded Stud-1" entityUid="5720K23_Clamping Handle with Threaded Stud*:*5720K23">
<Transform>
<Rotation>2.9837243786801082e-16 0 1 0 1 0 -1 0 2.9837243786801082e-16</Rotation>
<Translation>0.054768750000000033 0.0047625000000000028 -0.030162499999999981</Translation>
</Transform>
</Instance>
</Instance>
<Instance name="Arm Hitch Track Rod Prototype-1" uid="Arm Hitch Track Rod Prototype-1" entityUid="Arm Hitch Track Rod Prototype*:*Default">
<Transform>
<Rotation>1 0 0 0 1 0 0 0 1</Rotation>
<Translation>0 0 0</Translation>
</Transform>
</Instance>
<Instance name="Arm Hitch Version 4-2" uid="Arm Hitch Version 4-2" entityUid="Arm Hitch Version 4*:*Default">
<Transform>
<Rotation>1 0 0 0 1 0 0 0 1</Rotation>
<Translation>0 0 0.03175</Translation>
</Transform>
</Instance>
<Instance name="Arm Base Mount Clamp + Motor Mount Assem-4" uid="Arm Base Mount Clamp + Motor Mount Assem-4" entityUid="Arm Base Mount Clamp + Motor Mount Assem" rigid="true">
<Transform>
<Rotation>-1 0 0 0 -1 0 0 0 1</Rotation>
<Translation>-0.02539999999999959 -0.37464999999999993 0.0063500000000005774</Translation>
</Transform>
<Instance name="5720K23_Clamping Handle with Threaded Stud-2" uid="5720K23_Clamping Handle with Threaded Stud-2" entityUid="5720K23_Clamping Handle with Threaded Stud*:*5720K23">
<Transform>
<Rotation>3.0451815383720591e-16 0 1 0 1 0 -1 0 3.0451815383720591e-16</Rotation>
<Translation>-0.054768750003658384 0.0047625000000000028 -0.030162500000000037</Translation>
</Transform>
</Instance>
<Instance name="Arm Base Mount Version 2 Motor Mount-4" uid="Arm Base Mount Version 2 Motor Mount-4" entityUid="Arm Base Mount Version 2 Motor Mount*:*Default">
<Transform>
<Rotation>1 0 0 0 1 0 0 0 1</Rotation>
<Translation>0 0 0</Translation>
</Transform>
</Instance>
<Instance name="Arm Base Mount Jaw-1" uid="Arm Base Mount Jaw-1" entityUid="Arm Base Mount Jaw*:*Default">
<Transform>
<Rotation>0 -1 -3.0144529585260837e-16 1 0 3.0144529585260837e-16 -3.0144529585260837e-16 -3.0144529585260837e-16 1</Rotation>
<Translation>0 -0.014287500000000009 -0.038099999999999967</Translation>
</Transform>
</Instance>
<Instance name="5720K23_Clamping Handle with Threaded Stud-1" uid="5720K23_Clamping Handle with Threaded Stud-1" entityUid="5720K23_Clamping Handle with Threaded Stud*:*5720K23">
<Transform>
<Rotation>2.9837243786801082e-16 0 1 0 1 0 -1 0 2.9837243786801082e-16</Rotation>
<Translation>0.054768750000000033 0.0047625000000000028 -0.030162499999999981</Translation>
</Transform>
</Instance>
</Instance>
<Instance name="Robot Arm 2 Version 4-1" uid="Robot Arm 2 Version 4-1" entityUid="Robot Arm 2 Version 4*:*Default">
<Transform>
<Rotation>0.84283633017104964 7.4422918551496516e-16 0.53816997365497599 -4.629682213416066e-16 1 -6.5782701782718443e-16 -0.53816997365497599 3.0528491411032652e-16 0.84283633017104964</Rotation>
<Translation>-0.14158401660361938 -0.00063500000000005219 0.54109257326725457</Translation>
</Transform>
</Instance>
<Instance name="Work Area-1" uid="Work Area-1" entityUid="Work Area*:*Default">
<Transform>
<Rotation>1 0 0 0 1 0 0 0 1</Rotation>
<Translation>-0.50800000000000001 0 0.254</Translation>
</Transform>
</Instance>
<Instance name="Chuck Mount Assem-1" uid="Chuck Mount Assem-1" entityUid="Chuck Mount Assem">
<Transform>
<Rotation>-6.1440786870279422e-16 0.99874973283729163 0.049989710515654852 -1 -6.8534384706242567e-16 1.4018707996026337e-15 1.4343782270938668e-15 -0.049989710515654852 0.99874973283729163</Rotation>
<Translation>-0.23727063791947406 -0.00063499999999983014 0.39123627376284204</Translation>
</Transform>
<Instance name="drill chuck assembly mass included-1" uid="drill chuck assembly mass included-1" entityUid="drill chuck assembly mass included" rigid="true">
<Transform>
<Rotation>0 1.7359628154396416e-15 -0.99999999999999989 -0.99987397260965183 0.015875732984446701 0 0.015875732984446701 0.99987397260965183 1.7363126511666294e-15</Rotation>
<Translation>0.068434203690139417 0.014591888651959067 -0.16093432209971203</Translation>
</Transform>
<Instance name="driil chuck jaws 2-1" uid="driil chuck jaws 2-1" entityUid="driil chuck jaws 2*:*Default">
<Transform>
<Rotation>1 0 0 0 1 0 0 0 1</Rotation>
<Translation>0.015460686004843904 0.010222176530156515 0.068434203690138529</Translation>
</Transform>
</Instance>
<Instance name="drill chuck part 2-1" uid="drill chuck part 2-1" grounded="true" entityUid="drill chuck part 2*:*Default">
<Transform>
<Rotation>1 0 0 0 1 0 0 0 1</Rotation>
<Translation>0.017237360746211516 0.024033157182788492 0.068434203690138529</Translation>
</Transform>
</Instance>
<Instance name="drill chuck gear-1" uid="drill chuck gear-1" entityUid="drill chuck gear*:*Default">
<Transform>
<Rotation>-0.95926192866102822 1.2351231148954867e-15 -0.2825182334319758 1.0824674490095276e-15 1 6.4184768611141862e-16 0.28251823343197563 3.0426857821340189e-16 -0.959261928661028</Rotation>
<Translation>0.017237360746210989 0.052033157182788531 0.06843420369013864</Translation>
</Transform>
</Instance>
<Instance name="drill chuck part1-1" uid="drill chuck part1-1" entityUid="drill chuck part1*:*Default">
<Transform>
<Rotation>-0.28251823343197435 -1.27675647831893e-15 -0.95926192866102888 7.3552275381416621e-16 -1 1.1102230246251565e-15 -0.95926192866102866 -3.946135463843666e-16 0.28251823343197419</Rotation>
<Translation>0.017237360746211045 0.091333157182788505 0.06843420369013864</Translation>
</Transform>
</Instance>
<Instance name="driil chuck jaws 2-3" uid="driil chuck jaws 2-3" entityUid="driil chuck jaws 2*:*Default">
<Transform>
<Rotation>-0.49999999999999201 0 -0.86602540378444315 0 0.99999999999999989 0 0.86602540378444326 0 -0.49999999999999195</Rotation>
<Translation>0.018125698116930905 0.010222176530156502 0.066895558229872587</Translation>
</Transform>
</Instance>
<Instance name="driil chuck jaws 2-2" uid="driil chuck jaws 2-2" entityUid="driil chuck jaws 2*:*Default">
<Transform>
<Rotation>-0.500000000000004 0 0.86602540378443638 0 0.99999999999999989 0 -0.86602540378443627 0 -0.50000000000000389</Rotation>
<Translation>0.018125698116895322 0.010222176530156619 0.069972849150425231</Translation>
</Transform>
</Instance>
</Instance>
<Instance name="Robot Chuck Hitch-1" uid="Robot Chuck Hitch-1" entityUid="Robot Chuck Hitch*:*Default">
<Transform>
<Rotation>1 0 1.7359628154424695e-15 0 0.99987397260965183 0.01587573298444659 -1.736092331115805e-15 -0.01587573298444659 0.99987397260965183</Rotation>
<Translation>8.8817841970012523e-16 -0.00087374836403303346 -0.055029789721381402</Translation>
</Transform>
</Instance>
</Instance>
<Instance name="Robot Arm 1 Curved Version 4-3" uid="Robot Arm 1 Curved Version 4-3" entityUid="Robot Arm 1 Curved Version 4*:*Default">
<Transform>
<Rotation>0.99671416029289106 5.5805567181337343e-16 -0.080999275747609928 -5.5823908174364898e-16 1 0 0.080999275747609928 0 0.99671416029289106</Rotation>
<Translation>-0.023266197643882325 0 0.4124669363858337</Translation>
</Transform>
</Instance>
<Instance name="48 Tooth Timing Belt Pulley (1326N63)-1" uid="48 Tooth Timing Belt Pulley (1326N63)-1" entityUid="48 Tooth Timing Belt Pulley (1326N63)*:*1326N63">
<Transform>
<Rotation>0 -0.84283633017104975 -0.53816997365497599 -1 0 0 0 0.53816997365497599 -0.84283633017104975</Rotation>
<Translation>-0.045897395287764819 -0.046400000000000219 0.6909488727716675</Translation>
</Transform>
</Instance>
<Instance name="1258N17_ 1&amp;1_8_ OD PEEK Plastic Ball Bearing-4" uid="1258N17_ 1&amp;1_8_ OD PEEK Plastic Ball Bearing-4" entityUid="1258N17_ 1&amp;1_8_ OD PEEK Plastic Ball Bearing*:*1258N17">
<Transform>
<Rotation>1 -5.5805567181336436e-16 -5.5805567181336436e-16 -5.5805567181336436e-16 0 -1 5.5805567181336436e-16 1 0</Rotation>
<Translation>-0.00063499999999994117 0.022225000000000161 0.13398500000000002</Translation>
</Transform>
</Instance>
<Instance name="18 Tooth Timing Belt Pulley (1326N51)-1" uid="18 Tooth Timing Belt Pulley (1326N51)-1" entityUid="18 Tooth Timing Belt Pulley (1326N51)*:*1326N51">
<Transform>
<Rotation>-1.8047780063703538e-16 0.98765680509891007 0.15663344260346698 -1 0 -9.837854061560514e-16 -9.6745807045097906e-16 -0.15663344260346698 0.98765680509891007</Rotation>
<Translation>0.10137080510290652 -0.046400000000000219 0.54857800612612351</Translation>
</Transform>
</Instance>
<Instance name="98957A184_Grade B7 Medium-Strength Steel Threaded Rod-1" uid="98957A184_Grade B7 Medium-Strength Steel Threaded Rod-1" entityUid="98957A184_Grade B7 Medium-Strength Steel Threaded Rod*:*98957A184">
<Transform>
<Rotation>0.98862730100856244 0.15038636806747108 0 0 0 -0.99999999999999989 -0.15038636806747108 0.98862730100856244 0</Rotation>
<Translation>-0.025400000000000311 0.049672000000000383 0.03174999999999889</Translation>
</Transform>
</Instance>
<Instance name="Arm Hitch Track Rod Prototype-4" uid="Arm Hitch Track Rod Prototype-4" entityUid="Arm Hitch Track Rod Prototype*:*Default">
<Transform>
<Rotation>1 0 0 0 1 0 0 0 1</Rotation>
<Translation>-0.050800000000000012 0 0</Translation>
</Transform>
</Instance>
<Instance name="1258N17_ 1&amp;1_8_ OD PEEK Plastic Ball Bearing-1" uid="1258N17_ 1&amp;1_8_ OD PEEK Plastic Ball Bearing-1" entityUid="1258N17_ 1&amp;1_8_ OD PEEK Plastic Ball Bearing*:*1258N17">
<Transform>
<Rotation>1 -5.5805567181348347e-16 -5.5805567181348347e-16 -5.5805567181348347e-16 0 -1 5.5805567181348347e-16 1 0</Rotation>
<Translation>-0.10618729539525151 -0.021590000000000109 0.25724761689900522</Translation>
</Transform>
</Instance>
<Instance name="Arm Hitch Track Rod Prototype-3" uid="Arm Hitch Track Rod Prototype-3" entityUid="Arm Hitch Track Rod Prototype*:*Default">
<Transform>
<Rotation>1 0 0 0 1 0 0 0 1</Rotation>
<Translation>-0.050800000000000012 0 0.063500000000000001</Translation>
</Transform>
</Instance>
<Instance name="Arm Linkage 1-3" uid="Arm Linkage 1-3" entityUid="Arm Linkage 1*:*Default">
<Transform>
<Rotation>2.1382516910552299e-16 -0.082104360923536013 -0.99662373738404308 1 0 2.1892340689071334e-16 0 -0.99662373738404308 0.082104360923536013</Rotation>
<Translation>-0.1124436476976246 0 0.18130488811034381</Translation>
</Transform>
</Instance>
<Instance name="Arm Linkage 2-2" uid="Arm Linkage 2-2" entityUid="Arm Linkage 2*:*Default">
<Transform>
<Rotation>1.763921042769532e-16 -0.9038141816153209 -0.42792513961092277 1 0 2.1468941000569642e-16 -1.540214758612469e-16 -0.42792513961092277 0.9038141816153209</Rotation>
<Translation>-0.014359774543135251 0.018732499999999819 0.30072481108347338</Translation>
</Transform>
</Instance>
<Instance name="Arm Linkage 2-3" uid="Arm Linkage 2-3" entityUid="Arm Linkage 2*:*Default">
<Transform>
<Rotation>-5.5805567181347213e-16 0.90381418161532101 -0.4279251396109226 -1 -5.1503507282871901e-16 2.1629874105025299e-16 0 0.4279251396109226 0.90381418161532101</Rotation>
<Translation>-0.014359774543135306 -0.018732500000000263 0.30072481108347332</Translation>
</Transform>
</Instance>
<Instance name="1258N17_ 1&amp;1_8_ OD PEEK Plastic Ball Bearing-3" uid="1258N17_ 1&amp;1_8_ OD PEEK Plastic Ball Bearing-3" entityUid="1258N17_ 1&amp;1_8_ OD PEEK Plastic Ball Bearing*:*1258N17">
<Transform>
<Rotation>1 -1.7639210427695665e-16 1.7639210427695663e-16 -1.7639210427695668e-16 -1.5402147586125015e-16 1 -1.763921042769566e-16 -1 -1.5402147586125018e-16</Rotation>
<Translation>-0.10618729539525151 0.021589999999999776 0.25724761689900522</Translation>
</Transform>
</Instance>
<Instance name="1258N17_ 1&amp;1_8_ OD PEEK Plastic Ball Bearing-2" uid="1258N17_ 1&amp;1_8_ OD PEEK Plastic Ball Bearing-2" entityUid="1258N17_ 1&amp;1_8_ OD PEEK Plastic Ball Bearing*:*1258N17">
<Transform>
<Rotation>0.99574339660521016 -0.092168802298390154 -5.5805567181336445e-16 -5.5797549165521524e-16 0 -1 0.092168802298390154 0.99574339660521016 0</Rotation>
<Translation>-0.0006349999999986089 -0.02222500000000005 0.13398500000000621</Translation>
</Transform>
</Instance>
<Instance name="6436K71_Clamping Two-Piece Shaft Collar-6" uid="6436K71_Clamping Two-Piece Shaft Collar-6" entityUid="6436K71_Clamping Two-Piece Shaft Collar*:*6436K71">
<Transform>
<Rotation>-4.3559099189874754e-16 1 0 -1 -4.3559099189874754e-16 0 0 0 1</Rotation>
<Translation>0.077467746308981178 -0.029924375000000336 0.34420200526794564</Translation>
</Transform>
</Instance>
<Instance name="1258N17_ 1&amp;1_8_ OD PEEK Plastic Ball Bearing-5" uid="1258N17_ 1&amp;1_8_ OD PEEK Plastic Ball Bearing-5" entityUid="1258N17_ 1&amp;1_8_ OD PEEK Plastic Ball Bearing*:*1258N17">
<Transform>
<Rotation>0.94987928790123766 0.31261691959367421 -5.5805567181348278e-16 -5.2230055448309931e-16 -1.9811209556780403e-16 -0.99999999999999978 -0.31261691959367421 0.94987928790123766 0</Rotation>
<Translation>0.077467746308981122 -0.02159000000000022 0.34420200526794564</Translation>
</Transform>
</Instance>
<Instance name="1258N17_ 1&amp;1_8_ OD PEEK Plastic Ball Bearing-6" uid="1258N17_ 1&amp;1_8_ OD PEEK Plastic Ball Bearing-6" entityUid="1258N17_ 1&amp;1_8_ OD PEEK Plastic Ball Bearing*:*1258N17">
<Transform>
<Rotation>1 -1.7639210427695665e-16 1.7639210427695663e-16 -1.7639210427695668e-16 -1.5402147586125015e-16 1 -1.763921042769566e-16 -1 -1.5402147586125018e-16</Rotation>
<Translation>0.077467746308981122 0.021589999999999776 0.34420200526794564</Translation>
</Transform>
</Instance>
<Instance name="SS joint shaft-2" uid="SS joint shaft-2" entityUid="SS joint shaft*:*Default">
<Transform>
<Rotation>1 0 0 0 1 0 0 0 1</Rotation>
<Translation>-0.00063499999999999668 0 0.13398499999999999</Translation>
</Transform>
</Instance>
<Instance name="SS joint shaft-3" uid="SS joint shaft-3" entityUid="SS joint shaft*:*Default">
<Transform>
<Rotation>1 0 0 0 1 0 0 0 1</Rotation>
<Translation>-0.10618729539525151 0 0.25724761689900522</Translation>
</Transform>
</Instance>
<Instance name="6436K71_Clamping Two-Piece Shaft Collar-2" uid="6436K71_Clamping Two-Piece Shaft Collar-2" entityUid="6436K71_Clamping Two-Piece Shaft Collar*:*6436K71">
<Transform>
<Rotation>-5.5805567181336445e-16 1 0 -1 -5.5805567181336445e-16 0 0 0 1</Rotation>
<Translation>-0.00063499999999999668 -0.030559374999999944 0.13398499999999999</Translation>
</Transform>
</Instance>
<Instance name="6436K71_Clamping Two-Piece Shaft Collar-3" uid="6436K71_Clamping Two-Piece Shaft Collar-3" entityUid="6436K71_Clamping Two-Piece Shaft Collar*:*6436K71">
<Transform>
<Rotation>6.8052035172809349e-16 -1 0 1 6.8052035172809349e-16 0 0 0 1</Rotation>
<Translation>-0.00063499999999983014 0.030559374999999611 0.13398499999999997</Translation>
</Transform>
</Instance>
<Instance name="SS joint shaft-1" uid="SS joint shaft-1" entityUid="SS joint shaft*:*Default">
<Transform>
<Rotation>1 0 0 0 1 0 0 0 1</Rotation>
<Translation>0.077467746308981122 0 0.34420200526794564</Translation>
</Transform>
</Instance>
<Instance name="6436K71_Clamping Two-Piece Shaft Collar-4" uid="6436K71_Clamping Two-Piece Shaft Collar-4" entityUid="6436K71_Clamping Two-Piece Shaft Collar*:*6436K71">
<Transform>
<Rotation>-5.5805567181348347e-16 1 0 -1 -5.5805567181348347e-16 0 0 0 1</Rotation>
<Translation>-0.10618729539525151 -0.029924375000000114 0.25724761689900522</Translation>
</Transform>
</Instance>
<Instance name="6436K71_Clamping Two-Piece Shaft Collar-1" uid="6436K71_Clamping Two-Piece Shaft Collar-1" entityUid="6436K71_Clamping Two-Piece Shaft Collar*:*6436K71">
<Transform>
<Rotation>1.7639210427695663e-16 -1 1.5402147586125015e-16 1 1.7639210427695665e-16 1.5402147586125015e-16 -1.5402147586125018e-16 1.5402147586125015e-16 1</Rotation>
<Translation>-0.10618729539525151 0.029924374999999781 0.25724761689900522</Translation>
</Transform>
</Instance>
<Instance name="6436K71_Clamping Two-Piece Shaft Collar-5" uid="6436K71_Clamping Two-Piece Shaft Collar-5" entityUid="6436K71_Clamping Two-Piece Shaft Collar*:*6436K71">
<Transform>
<Rotation>2.9885678419169197e-16 -1 1.5402147586125015e-16 1 2.9885678419169197e-16 1.540214758612501e-16 -1.5402147586125015e-16 1.540214758612501e-16 1</Rotation>
<Translation>0.077467746308981122 0.029924374999999781 0.34420200526794564</Translation>
</Transform>
</Instance>
<Instance name="6436K71_Clamping Two-Piece Shaft Collar-9" uid="6436K71_Clamping Two-Piece Shaft Collar-9" entityUid="6436K71_Clamping Two-Piece Shaft Collar*:*6436K71">
<Transform>
<Rotation>0 -0.10926707750071944 0.99401242737425155 -1 0 0 0 -0.99401242737425155 -0.10926707750071944</Rotation>
<Translation>0.15339906959120508 -0.017859375000000344 0.33776663464515161</Translation>
</Transform>
</Instance>
<Instance name="6436K72_Clamping Two-Piece Shaft Collar-2" uid="6436K72_Clamping Two-Piece Shaft Collar-2" entityUid="6436K72_Clamping Two-Piece Shaft Collar*:*6436K72">
<Transform>
<Rotation>0 1 0 -1 0 0 0 0 1</Rotation>
<Translation>-0.045897395287764486 -0.073750000000000204 0.6909488727716675</Translation>
</Transform>
</Instance>
<Instance name="6436K71_Clamping Two-Piece Shaft Collar-10" uid="6436K71_Clamping Two-Piece Shaft Collar-10" entityUid="6436K71_Clamping Two-Piece Shaft Collar*:*6436K71">
<Transform>
<Rotation>0 1 0 -1 0 0 0 0 1</Rotation>
<Translation>0.15339906959120508 0.017859374999999789 0.33776663464515161</Translation>
</Transform>
</Instance>
<Instance name="6436K71_Clamping Two-Piece Shaft Collar-8" uid="6436K71_Clamping Two-Piece Shaft Collar-8" entityUid="6436K71_Clamping Two-Piece Shaft Collar*:*6436K71">
<Transform>
<Rotation>0 0.97334200009860194 0.229358563921327 -1 0 0 0 -0.229358563921327 0.97334200009860194</Rotation>
<Translation>0.12700000000000022 -0.017859375000000011 0.20772636204899775</Translation>
</Transform>
</Instance>
<Instance name="Tension belt mockup with tensioner-2" uid="Tension belt mockup with tensioner-2" entityUid="Tension belt mockup with tensioner*:*Default">
<Transform>
<Rotation>-1.0177005747323482e-15 0.72565663169548666 0.68805701280952081 -1 -4.0121709324826925e-16 -1.0559513481309314e-15 -4.9019786385047726e-16 -0.68805701280952081 0.72565663169548666</Rotation>
<Translation>0.028974202199114063 -0.049900000000000277 0.61995671827191157</Translation>
</Transform>
<VisualProperties>
<Ambient r="1" g="1" b="1" a="1"/>
<Diffuse r="1" g="1" b="1" a="1"/>
<Specular r="0.5" g="0.5" b="0.5" a="1"/>
<Emissive r="0" g="0" b="0" a="1"/>
<Shininess>0.3125</Shininess>
</VisualProperties>
</Instance>
<Instance name="1258N23_ 1&amp;5_8_ OD PEEK Plastic Ball Bearing-2" uid="1258N23_ 1&amp;5_8_ OD PEEK Plastic Ball Bearing-2" entityUid="1258N23_ 1&amp;5_8_ OD PEEK Plastic Ball Bearing*:*1258N23">
<Transform>
<Rotation>1 -5.5805567181335814e-16 -5.5805567181335814e-16 -5.5805567181335814e-16 0 -1 5.5805567181335814e-16 1 0</Rotation>
<Translation>-0.045897395287764486 0.019843749999999938 0.6909488727716675</Translation>
</Transform>
</Instance>
<Instance name="SS joint shaft 3 Quarter Diameter-1" uid="SS joint shaft 3 Quarter Diameter-1" entityUid="SS joint shaft 3 Quarter Diameter*:*Default">
<Transform>
<Rotation>0.84283633017104953 0 0.53816997365497588 0 1 0 -0.53816997365497588 0 0.84283633017104953</Rotation>
<Translation>-0.045897395287764486 -0.025400000000000089 0.6909488727716675</Translation>
</Transform>
</Instance>
<Instance name="SS joint shaft-4" uid="SS joint shaft-4" entityUid="SS joint shaft*:*Default">
<Transform>
<Rotation>1 0 0 0 1 0 0 0 1</Rotation>
<Translation>0.15339906959120508 0 0.33776663464515161</Translation>
</Transform>
</Instance>
<Instance name="SS joint shaft-5" uid="SS joint shaft-5" entityUid="SS joint shaft*:*Default">
<Transform>
<Rotation>1 0 0 0 1 0 0 0 1</Rotation>
<Translation>0.12700000000000028 0 0.2077263620489978</Translation>
</Transform>
</Instance>
<Instance name="1258N23_ 1&amp;5_8_ OD PEEK Plastic Ball Bearing-1" uid="1258N23_ 1&amp;5_8_ OD PEEK Plastic Ball Bearing-1" entityUid="1258N23_ 1&amp;5_8_ OD PEEK Plastic Ball Bearing*:*1258N23">
<Transform>
<Rotation>1 -5.5805567181335814e-16 -5.5805567181335814e-16 -5.5805567181335814e-16 0 -1 5.5805567181335814e-16 1 0</Rotation>
<Translation>-0.045897395287764486 -0.01984375000000016 0.6909488727716675</Translation>
</Transform>
</Instance>
<Instance name="6436K72_Clamping Two-Piece Shaft Collar-1" uid="6436K72_Clamping Two-Piece Shaft Collar-1" entityUid="6436K72_Clamping Two-Piece Shaft Collar*:*6436K72">
<Transform>
<Rotation>0 0.83716910433122238 -0.54694413860398872 -1 0 0 0 0.54694413860398872 0.83716910433122238</Rotation>
<Translation>-0.045897395287764486 0.031749999999999834 0.6909488727716675</Translation>
</Transform>
</Instance>
<Instance name="6436K71_Clamping Two-Piece Shaft Collar-11" uid="6436K71_Clamping Two-Piece Shaft Collar-11" entityUid="6436K71_Clamping Two-Piece Shaft Collar*:*6436K71">
<Transform>
<Rotation>0 1 0 -1 0 0 0 0 1</Rotation>
<Translation>0.12700000000000028 0.017859375000000011 0.2077263620489978</Translation>
</Transform>
</Instance>
<Instance name="9533T3_Self-Aligning Linear Sleeve Bearing-4" uid="9533T3_Self-Aligning Linear Sleeve Bearing-4" entityUid="9533T3_Self-Aligning Linear Sleeve Bearing*:*9533T3">
<Transform>
<Rotation>-0.83716910433122238 -0.54694413860398872 0 0 0 1 -0.54694413860398872 0.83716910433122238 0</Rotation>
<Translation>-0.050799999999999956 0.060325000000000073 0.063500000000000001</Translation>
</Transform>
</Instance>
<Instance name="PEEK Thread Insert-1" uid="PEEK Thread Insert-1" entityUid="PEEK Thread Insert*:*Default">
<Transform>
